s_open_time;open_time;ticker;open;high;low;close;adj_close;volume;type;ema_adj_close_200p;ema_adj_close_200p_diff;ema_close_200p;ema_close_200p_diff;rsi;previsao
2013-11-19;1384819200000;PINE3.SA;11.88;11.88;11.88;11.88;10.06;0;stock;9.99;0.7;11.88;-0.0;100.0;ESTAVEL
2013-11-21;1384992000000;PINE3.SA;11.88;11.88;11.88;11.88;10.06;0;stock;9.99;0.69;11.88;-0.0;100.0;ESTAVEL
2013-11-22;1385078400000;PINE3.SA;11.88;11.88;11.88;11.88;10.06;0;stock;9.99;0.68;11.88;-0.0;100.0;ESTAVEL
2013-11-25;1385337600000;PINE3.SA;11.88;11.88;11.88;11.88;10.06;0;stock;9.99;0.67;11.88;-0.0;100.0;ESTAVEL
2013-11-26;1385424000000;PINE3.SA;11.88;11.88;11.88;11.88;10.06;0;stock;9.99;0.67;11.88;-0.0;100.0;ESTAVEL
2013-11-27;1385510400000;PINE3.SA;11.88;11.88;11.88;11.88;10.06;0;stock;9.99;0.66;11.88;-0.0;100.0;ESTAVEL
2013-11-28;1385596800000;PINE3.SA;11.88;11.88;11.88;11.88;10.06;0;stock;9.99;0.65;11.88;-0.0;100.0;ESTAVEL
2013-11-29;1385683200000;PINE3.SA;11.88;11.88;11.88;11.88;10.06;0;stock;10.0;0.64;11.88;-0.0;100.0;ESTAVEL
2013-12-02;1385942400000;PINE3.SA;11.88;11.88;11.88;11.88;10.06;0;stock;10.0;0.64;11.88;-0.0;100.0;ESTAVEL
2013-12-03;1386028800000;PINE3.SA;11.88;11.88;11.88;11.88;10.06;0;stock;10.0;0.63;11.88;-0.0;100.0;ESTAVEL
2013-12-04;1386115200000;PINE3.SA;11.88;11.88;11.88;11.88;10.06;0;stock;10.0;0.62;11.88;-0.0;100.0;ESTAVEL
2013-12-05;1386201600000;PINE3.SA;11.88;11.88;11.88;11.88;10.06;0;stock;10.0;0.62;11.88;-0.0;100.0;ESTAVEL
2013-12-06;1386288000000;PINE3.SA;11.88;11.88;11.88;11.88;10.06;0;stock;10.0;0.61;11.88;-0.0;100.0;ESTAVEL
2013-12-09;1386547200000;PINE3.SA;11.88;11.88;11.88;11.88;10.06;0;stock;10.0;0.6;11.88;-0.0;100.0;ESTAVEL
2013-12-10;1386633600000;PINE3.SA;11.88;11.88;11.88;11.88;10.06;0;stock;10.0;0.59;11.88;-0.0;100.0;ESTAVEL
2013-12-11;1386720000000;PINE3.SA;11.88;11.88;11.88;11.88;10.06;0;stock;10.0;0.59;11.88;-0.0;100.0;ESTAVEL
2013-12-12;1386806400000;PINE3.SA;11.88;11.88;11.88;11.88;10.06;0;stock;10.0;0.58;11.88;-0.0;100.0;ESTAVEL
2013-12-13;1386892800000;PINE3.SA;11.88;11.88;11.88;11.88;10.06;0;stock;10.0;0.57;11.88;-0.0;100.0;ESTAVEL
2013-12-16;1387152000000;PINE3.SA;11.88;11.88;11.88;11.88;10.06;0;stock;10.0;0.57;11.88;-0.0;100.0;ESTAVEL
2013-12-17;1387238400000;PINE3.SA;11.88;11.88;11.88;11.88;10.06;0;stock;10.0;0.56;11.88;-0.0;100.0;ESTAVEL
2013-12-18;1387324800000;PINE3.SA;11.88;11.88;11.88;11.88;10.06;0;stock;10.0;0.56;11.88;-0.0;100.0;ESTAVEL
2013-12-19;1387411200000;PINE3.SA;11.88;11.88;11.88;11.88;10.06;0;stock;10.01;0.55;11.88;-0.0;100.0;ESTAVEL
2013-12-20;1387497600000;PINE3.SA;11.88;11.88;11.88;11.88;10.06;0;stock;10.01;0.54;11.88;-0.0;100.0;ESTAVEL
2013-12-23;1387756800000;PINE3.SA;11.88;11.88;11.88;11.88;10.06;0;stock;10.01;0.54;11.88;-0.0;100.0;ESTAVEL
2013-12-26;1388016000000;PINE3.SA;11.88;11.88;11.88;11.88;10.06;0;stock;10.01;0.53;11.88;-0.0;100.0;ESTAVEL
2013-12-27;1388102400000;PINE3.SA;11.88;11.88;11.88;11.88;10.06;0;stock;10.01;0.53;11.88;-0.0;100.0;ESTAVEL
2013-12-30;1388361600000;PINE3.SA;11.88;11.88;11.88;11.88;10.06;0;stock;10.01;0.52;11.88;-0.0;100.0;ESTAVEL
2014-01-02;1388620800000;PINE3.SA;11.88;11.88;11.88;11.88;10.15;0;stock;10.01;1.4;11.88;-0.0;100.0;ESTAVEL
2014-01-03;1388707200000;PINE3.SA;11.88;11.88;11.88;11.88;10.15;0;stock;10.01;1.39;11.88;-0.0;100.0;ESTAVEL
2014-01-06;1388966400000;PINE3.SA;11.88;11.88;11.88;11.88;10.15;0;stock;10.01;1.37;11.88;-0.0;100.0;ESTAVEL
2014-01-07;1389052800000;PINE3.SA;11.88;11.88;11.88;11.88;10.15;0;stock;10.01;1.36;11.88;-0.0;100.0;ESTAVEL
2014-01-08;1389139200000;PINE3.SA;11.88;11.88;11.88;11.88;10.15;0;stock;10.02;1.34;11.88;-0.0;100.0;ESTAVEL
2014-01-09;1389225600000;PINE3.SA;11.88;11.88;11.88;11.88;10.15;0;stock;10.02;1.33;11.88;-0.0;100.0;ESTAVEL
2014-01-10;1389312000000;PINE3.SA;11.88;11.88;11.88;11.88;10.15;0;stock;10.02;1.31;11.88;-0.0;100.0;ESTAVEL
2014-01-13;1389571200000;PINE3.SA;11.88;11.88;11.88;11.88;10.15;0;stock;10.02;1.3;11.88;-0.0;100.0;ESTAVEL
2014-01-14;1389657600000;PINE3.SA;11.88;11.88;11.88;11.88;10.15;0;stock;10.02;1.28;11.88;-0.0;100.0;ESTAVEL
2014-01-15;1389744000000;PINE3.SA;11.88;11.88;11.88;11.88;10.15;0;stock;10.02;1.27;11.88;-0.0;100.0;ESTAVEL
2014-01-16;1389830400000;PINE3.SA;11.88;11.88;11.88;11.88;10.15;0;stock;10.02;1.25;11.88;-0.0;100.0;ESTAVEL
2014-01-17;1389916800000;PINE3.SA;11.88;11.88;11.88;11.88;10.15;0;stock;10.03;1.24;11.88;-0.0;100.0;ESTAVEL
2014-01-20;1390176000000;PINE3.SA;11.88;11.88;11.88;11.88;10.15;0;stock;10.03;1.23;11.88;-0.0;100.0;ESTAVEL
2014-01-21;1390262400000;PINE3.SA;11.88;11.88;11.88;11.88;10.15;0;stock;10.03;1.21;11.88;-0.0;100.0;ESTAVEL
2014-01-22;1390348800000;PINE3.SA;11.88;11.88;11.88;11.88;10.15;0;stock;10.03;1.2;11.88;-0.0;100.0;ESTAVEL
2014-01-23;1390435200000;PINE3.SA;11.88;11.88;11.88;11.88;10.15;0;stock;10.03;1.19;11.88;-0.0;100.0;ESTAVEL
2014-01-24;1390521600000;PINE3.SA;11.88;11.88;11.88;11.88;10.15;0;stock;10.03;1.17;11.88;-0.0;100.0;ESTAVEL
2014-01-27;1390780800000;PINE3.SA;11.88;11.88;11.88;11.88;10.15;0;stock;10.03;1.16;11.88;-0.0;100.0;ESTAVEL
2014-01-28;1390867200000;PINE3.SA;11.88;11.88;11.88;11.88;10.15;0;stock;10.03;1.15;11.88;-0.0;100.0;ESTAVEL
2014-01-29;1390953600000;PINE3.SA;11.88;11.88;11.88;11.88;10.15;0;stock;10.04;1.13;11.88;-0.0;100.0;ESTAVEL
2014-01-30;1391040000000;PINE3.SA;11.88;11.88;11.88;11.88;10.15;0;stock;10.04;1.12;11.88;-0.0;100.0;ESTAVEL
2014-01-31;1391126400000;PINE3.SA;11.88;11.88;11.88;11.88;10.15;0;stock;10.04;1.11;11.88;-0.0;100.0;ESTAVEL
2014-02-03;1391385600000;PINE3.SA;11.88;11.88;11.88;11.88;10.15;0;stock;10.04;1.1;11.88;-0.0;100.0;ESTAVEL
2014-02-04;1391472000000;PINE3.SA;11.88;11.88;11.88;11.88;10.15;0;stock;10.04;1.09;11.88;-0.0;100.0;ESTAVEL
2014-02-05;1391558400000;PINE3.SA;11.88;11.88;11.88;11.88;10.15;0;stock;10.04;1.07;11.88;-0.0;100.0;ESTAVEL
2014-02-06;1391644800000;PINE3.SA;11.88;11.88;11.88;11.88;10.15;0;stock;10.04;1.06;11.88;-0.0;100.0;ESTAVEL
2014-02-07;1391731200000;PINE3.SA;11.88;11.88;11.88;11.88;10.15;0;stock;10.04;1.05;11.88;-0.0;100.0;ESTAVEL
2014-02-10;1391990400000;PINE3.SA;11.88;11.88;11.88;11.88;10.15;0;stock;10.05;1.04;11.88;-0.0;100.0;ESTAVEL
2014-02-11;1392076800000;PINE3.SA;11.88;11.88;11.88;11.88;10.15;0;stock;10.05;1.03;11.88;-0.0;100.0;ESTAVEL
2014-02-12;1392163200000;PINE3.SA;11.88;11.88;11.88;11.88;10.15;0;stock;10.05;1.02;11.88;-0.0;100.0;ESTAVEL
2014-02-13;1392249600000;PINE3.SA;11.88;11.88;11.88;11.88;10.15;0;stock;10.05;1.01;11.88;-0.0;100.0;ESTAVEL
2014-02-14;1392336000000;PINE3.SA;11.88;11.88;11.88;11.88;10.15;0;stock;10.05;0.99;11.88;-0.0;100.0;ESTAVEL
2014-02-17;1392595200000;PINE3.SA;11.88;11.88;11.88;11.88;10.15;0;stock;10.05;0.98;11.88;-0.0;100.0;ESTAVEL
2014-02-18;1392681600000;PINE3.SA;11.88;11.88;11.88;11.88;10.15;0;stock;10.05;0.97;11.88;-0.0;100.0;ESTAVEL
2014-02-19;1392768000000;PINE3.SA;11.88;11.88;11.88;11.88;10.15;0;stock;10.05;0.96;11.88;-0.0;100.0;ESTAVEL
2014-02-20;1392854400000;PINE3.SA;11.88;11.88;11.88;11.88;10.15;0;stock;10.05;0.95;11.88;-0.0;100.0;ESTAVEL
2014-02-21;1392940800000;PINE3.SA;11.88;11.88;11.88;11.88;10.15;0;stock;10.06;0.94;11.88;-0.0;100.0;ESTAVEL
2014-02-24;1393200000000;PINE3.SA;11.88;11.88;11.88;11.88;10.15;0;stock;10.06;0.93;11.88;-0.0;100.0;ESTAVEL
2014-02-25;1393286400000;PINE3.SA;11.88;11.88;11.88;11.88;10.15;0;stock;10.06;0.92;11.88;-0.0;100.0;ESTAVEL
2014-02-26;1393372800000;PINE3.SA;11.88;11.88;11.88;11.88;10.15;0;stock;10.06;0.91;11.88;-0.0;100.0;ESTAVEL
2014-02-27;1393459200000;PINE3.SA;11.88;11.88;11.88;11.88;10.15;0;stock;10.06;0.9;11.88;-0.0;100.0;ESTAVEL
2014-02-28;1393545600000;PINE3.SA;11.88;11.88;11.88;11.88;10.15;0;stock;10.06;0.89;11.88;-0.0;100.0;ESTAVEL
2014-03-05;1393977600000;PINE3.SA;11.88;11.88;11.88;11.88;10.15;0;stock;10.06;0.88;11.88;-0.0;100.0;ESTAVEL
2014-03-06;1394064000000;PINE3.SA;11.88;11.88;11.88;11.88;10.15;0;stock;10.06;0.87;11.88;-0.0;100.0;ESTAVEL
2014-03-07;1394150400000;PINE3.SA;11.88;11.88;11.88;11.88;10.15;0;stock;10.06;0.86;11.88;-0.0;100.0;ESTAVEL
2014-03-10;1394409600000;PINE3.SA;11.88;11.88;11.88;11.88;10.15;0;stock;10.06;0.85;11.88;-0.0;100.0;ESTAVEL
2014-03-11;1394496000000;PINE3.SA;11.88;11.88;11.88;11.88;10.15;0;stock;10.06;0.84;11.88;-0.0;100.0;ESTAVEL
2014-03-12;1394582400000;PINE3.SA;11.88;11.88;11.88;11.88;10.15;0;stock;10.07;0.84;11.88;-0.0;100.0;ESTAVEL
2014-03-13;1394668800000;PINE3.SA;11.88;11.88;11.88;11.88;10.15;0;stock;10.07;0.83;11.88;-0.0;100.0;ESTAVEL
2014-03-14;1394755200000;PINE3.SA;11.88;11.88;11.88;11.88;10.15;0;stock;10.07;0.82;11.88;-0.0;100.0;ESTAVEL
2014-03-17;1395014400000;PINE3.SA;11.88;11.88;11.88;11.88;10.15;0;stock;10.07;0.81;11.88;-0.0;100.0;ESTAVEL
2014-03-18;1395100800000;PINE3.SA;11.88;11.88;11.88;11.88;10.15;0;stock;10.07;0.8;11.88;-0.0;100.0;ESTAVEL
2014-03-19;1395187200000;PINE3.SA;11.88;11.88;11.88;11.88;10.15;0;stock;10.07;0.79;11.88;-0.0;100.0;ESTAVEL
2014-03-20;1395273600000;PINE3.SA;11.88;11.88;11.88;11.88;10.15;0;stock;10.07;0.78;11.88;-0.0;100.0;ESTAVEL
2014-03-21;1395360000000;PINE3.SA;11.88;11.88;11.88;11.88;10.15;0;stock;10.07;0.78;11.88;-0.0;100.0;ESTAVEL
2014-03-24;1395619200000;PINE3.SA;11.88;11.88;11.88;11.88;10.15;0;stock;10.07;0.77;11.88;-0.0;100.0;ESTAVEL
2014-03-25;1395705600000;PINE3.SA;11.88;11.88;11.88;11.88;10.15;0;stock;10.07;0.76;11.88;-0.0;100.0;ESTAVEL
2014-03-26;1395792000000;PINE3.SA;11.88;11.88;11.88;11.88;10.15;0;stock;10.07;0.75;11.88;-0.0;100.0;ESTAVEL
2014-03-27;1395878400000;PINE3.SA;11.88;11.88;11.88;11.88;10.15;0;stock;10.08;0.74;11.88;-0.0;100.0;ESTAVEL
2014-03-28;1395964800000;PINE3.SA;11.88;11.88;11.88;11.88;10.15;0;stock;10.08;0.73;11.88;-0.0;100.0;ESTAVEL
2014-03-31;1396224000000;PINE3.SA;11.88;11.88;11.88;11.88;10.15;0;stock;10.08;0.73;11.88;-0.0;100.0;ESTAVEL
2014-04-01;1396310400000;PINE3.SA;11.88;11.88;11.88;11.88;10.15;0;stock;10.08;0.72;11.88;-0.0;100.0;ESTAVEL
2014-04-02;1396396800000;PINE3.SA;11.88;11.88;11.88;11.88;10.25;0;stock;10.08;1.69;11.88;-0.0;100.0;ESTAVEL
2014-04-03;1396483200000;PINE3.SA;11.88;11.88;11.88;11.88;10.25;0;stock;10.08;1.67;11.88;-0.0;100.0;ESTAVEL
2014-04-04;1396569600000;PINE3.SA;11.88;11.88;11.88;11.88;10.25;0;stock;10.08;1.66;11.88;-0.0;100.0;ESTAVEL
2014-04-07;1396828800000;PINE3.SA;11.88;11.88;11.88;11.88;10.25;0;stock;10.08;1.64;11.88;-0.0;100.0;ESTAVEL
2014-04-08;1396915200000;PINE3.SA;11.88;11.88;11.88;11.88;10.25;0;stock;10.09;1.62;11.88;-0.0;100.0;ESTAVEL
2014-04-09;1397001600000;PINE3.SA;11.88;11.88;11.88;11.88;10.25;0;stock;10.09;1.6;11.88;-0.0;100.0;ESTAVEL
2014-04-10;1397088000000;PINE3.SA;11.88;11.88;11.88;11.88;10.25;0;stock;10.09;1.59;11.88;-0.0;100.0;ESTAVEL
2014-04-11;1397174400000;PINE3.SA;11.88;11.88;11.88;11.88;10.25;0;stock;10.09;1.57;11.88;-0.0;100.0;ESTAVEL
2014-04-14;1397433600000;PINE3.SA;11.88;11.88;11.88;11.88;10.25;0;stock;10.09;1.55;11.88;-0.0;100.0;ESTAVEL
2014-04-15;1397520000000;PINE3.SA;11.88;11.88;11.88;11.88;10.25;0;stock;10.09;1.54;11.88;-0.0;100.0;ESTAVEL
2014-04-16;1397606400000;PINE3.SA;11.88;11.88;11.88;11.88;10.25;0;stock;10.1;1.52;11.88;-0.0;100.0;ESTAVEL
2014-04-17;1397692800000;PINE3.SA;11.88;11.88;11.88;11.88;10.25;0;stock;10.1;1.5;11.88;-0.0;100.0;ESTAVEL
2014-04-22;1398124800000;PINE3.SA;11.88;11.88;11.88;11.88;10.25;0;stock;10.1;1.49;11.88;-0.0;100.0;ESTAVEL
2014-04-23;1398211200000;PINE3.SA;11.88;11.88;11.88;11.88;10.25;0;stock;10.1;1.47;11.88;-0.0;100.0;ESTAVEL
2014-04-24;1398297600000;PINE3.SA;11.88;11.88;11.88;11.88;10.25;0;stock;10.1;1.46;11.88;-0.0;100.0;ESTAVEL
2014-04-25;1398384000000;PINE3.SA;11.88;11.88;11.88;11.88;10.25;0;stock;10.1;1.44;11.88;-0.0;100.0;ESTAVEL
2014-04-28;1398643200000;PINE3.SA;11.88;11.88;11.88;11.88;10.25;0;stock;10.11;1.43;11.88;-0.0;100.0;ESTAVEL
2014-04-29;1398729600000;PINE3.SA;11.88;11.88;11.88;11.88;10.25;0;stock;10.11;1.41;11.88;-0.0;100.0;ESTAVEL
2014-04-30;1398816000000;PINE3.SA;11.88;11.88;11.88;11.88;10.25;0;stock;10.11;1.4;11.88;-0.0;100.0;ESTAVEL
2014-05-02;1398988800000;PINE3.SA;11.88;11.88;11.88;11.88;10.25;0;stock;10.11;1.38;11.88;-0.0;100.0;ESTAVEL
2014-05-05;1399248000000;PINE3.SA;11.88;11.88;11.88;11.88;10.25;0;stock;10.11;1.37;11.88;-0.0;100.0;ESTAVEL
2014-05-06;1399334400000;PINE3.SA;11.88;11.88;11.88;11.88;10.25;0;stock;10.11;1.35;11.88;-0.0;100.0;ESTAVEL
2014-05-07;1399420800000;PINE3.SA;11.88;11.88;11.88;11.88;10.25;0;stock;10.11;1.34;11.88;-0.0;100.0;ESTAVEL
2014-05-08;1399507200000;PINE3.SA;11.88;11.88;11.88;11.88;10.25;0;stock;10.12;1.32;11.88;-0.0;100.0;ESTAVEL
2014-05-09;1399593600000;PINE3.SA;11.88;11.88;11.88;11.88;10.25;0;stock;10.12;1.31;11.88;-0.0;100.0;ESTAVEL
2014-05-12;1399852800000;PINE3.SA;11.88;11.88;11.88;11.88;10.25;0;stock;10.12;1.3;11.88;-0.0;100.0;ESTAVEL
2014-05-13;1399939200000;PINE3.SA;11.88;11.88;11.88;11.88;10.25;0;stock;10.12;1.28;11.88;-0.0;100.0;ESTAVEL
2014-05-14;1400025600000;PINE3.SA;11.88;11.88;11.88;11.88;10.25;0;stock;10.12;1.27;11.88;-0.0;100.0;ESTAVEL
2014-05-15;1400112000000;PINE3.SA;11.88;11.88;11.88;11.88;10.25;0;stock;10.12;1.26;11.88;-0.0;100.0;ESTAVEL
2014-05-16;1400198400000;PINE3.SA;11.88;11.88;11.88;11.88;10.25;0;stock;10.12;1.24;11.88;-0.0;100.0;ESTAVEL
2014-05-19;1400457600000;PINE3.SA;11.88;11.88;11.88;11.88;10.25;0;stock;10.13;1.23;11.88;-0.0;100.0;ESTAVEL
2014-05-20;1400544000000;PINE3.SA;11.88;11.88;11.88;11.88;10.25;0;stock;10.13;1.22;11.88;-0.0;100.0;ESTAVEL
2014-05-21;1400630400000;PINE3.SA;11.88;11.88;11.88;11.88;10.25;0;stock;10.13;1.2;11.88;-0.0;100.0;ESTAVEL
2014-05-22;1400716800000;PINE3.SA;11.88;11.88;11.88;11.88;10.25;0;stock;10.13;1.19;11.88;-0.0;100.0;ESTAVEL
2014-05-23;1400803200000;PINE3.SA;11.88;11.88;11.88;11.88;10.25;0;stock;10.13;1.18;11.88;-0.0;100.0;ESTAVEL
2014-05-26;1401062400000;PINE3.SA;11.88;11.88;11.88;11.88;10.25;0;stock;10.13;1.17;11.88;-0.0;100.0;ESTAVEL
2014-05-27;1401148800000;PINE3.SA;11.88;11.88;11.88;11.88;10.25;0;stock;10.13;1.15;11.88;-0.0;100.0;ESTAVEL
2014-05-28;1401235200000;PINE3.SA;11.88;11.88;11.88;11.88;10.25;0;stock;10.13;1.14;11.88;-0.0;100.0;ESTAVEL
2014-05-29;1401321600000;PINE3.SA;11.88;11.88;11.88;11.88;10.25;0;stock;10.14;1.13;11.88;-0.0;100.0;ESTAVEL
2014-05-30;1401408000000;PINE3.SA;11.88;11.88;11.88;11.88;10.25;0;stock;10.14;1.12;11.88;-0.0;100.0;ESTAVEL
2014-06-02;1401667200000;PINE3.SA;11.88;11.88;11.88;11.88;10.25;0;stock;10.14;1.11;11.88;-0.0;100.0;ESTAVEL
2014-06-03;1401753600000;PINE3.SA;11.88;11.88;11.88;11.88;10.25;0;stock;10.14;1.1;11.88;-0.0;100.0;ESTAVEL
2014-06-04;1401840000000;PINE3.SA;11.88;11.88;11.88;11.88;10.25;0;stock;10.14;1.08;11.88;-0.0;100.0;ESTAVEL
2014-06-05;1401926400000;PINE3.SA;11.88;11.88;11.88;11.88;10.25;0;stock;10.14;1.07;11.88;-0.0;100.0;ESTAVEL
2014-06-06;1402012800000;PINE3.SA;11.88;11.88;11.88;11.88;10.25;0;stock;10.14;1.06;11.88;-0.0;100.0;ESTAVEL
2014-06-09;1402272000000;PINE3.SA;11.88;11.88;11.88;11.88;10.25;0;stock;10.14;1.05;11.88;-0.0;100.0;ESTAVEL
2014-06-10;1402358400000;PINE3.SA;11.88;11.88;11.88;11.88;10.25;0;stock;10.14;1.04;11.88;-0.0;100.0;ESTAVEL
2014-06-11;1402444800000;PINE3.SA;11.88;11.88;11.88;11.88;10.25;0;stock;10.15;1.03;11.88;-0.0;100.0;ESTAVEL
2014-06-13;1402617600000;PINE3.SA;11.88;11.88;11.88;11.88;10.25;0;stock;10.15;1.02;11.88;-0.0;100.0;ESTAVEL
2014-06-16;1402876800000;PINE3.SA;11.88;11.88;11.88;11.88;10.25;0;stock;10.15;1.01;11.88;-0.0;100.0;ESTAVEL
2014-06-17;1402963200000;PINE3.SA;11.88;11.88;11.88;11.88;10.25;0;stock;10.15;1.0;11.88;-0.0;100.0;ESTAVEL
2014-06-18;1403049600000;PINE3.SA;11.88;11.88;11.88;11.88;10.25;0;stock;10.15;0.99;11.88;-0.0;100.0;ESTAVEL
2014-06-20;1403222400000;PINE3.SA;11.88;11.88;11.88;11.88;10.25;0;stock;10.15;0.98;11.88;-0.0;100.0;ESTAVEL
2014-06-23;1403481600000;PINE3.SA;11.88;11.88;11.88;11.88;10.25;0;stock;10.15;0.97;11.88;-0.0;100.0;ESTAVEL
2014-06-24;1403568000000;PINE3.SA;11.88;11.88;11.88;11.88;10.25;0;stock;10.15;0.96;11.88;-0.0;100.0;ESTAVEL
2014-06-25;1403654400000;PINE3.SA;11.88;11.88;11.88;11.88;10.25;0;stock;10.15;0.95;11.88;-0.0;100.0;ESTAVEL
2014-06-26;1403740800000;PINE3.SA;11.88;11.88;11.88;11.88;10.25;0;stock;10.15;0.94;11.88;-0.0;100.0;ESTAVEL
2014-06-27;1403827200000;PINE3.SA;11.88;11.88;11.88;11.88;10.25;0;stock;10.16;0.93;11.88;-0.0;100.0;ESTAVEL
2014-06-30;1404086400000;PINE3.SA;11.88;11.88;11.88;11.88;10.25;0;stock;10.16;0.92;11.88;-0.0;100.0;ESTAVEL
2014-07-01;1404172800000;PINE3.SA;11.88;11.88;11.88;11.88;10.34;0;stock;10.16;1.78;11.88;-0.0;100.0;ESTAVEL
2014-07-02;1404259200000;PINE3.SA;11.88;11.88;11.88;11.88;10.34;0;stock;10.16;1.77;11.88;-0.0;100.0;ESTAVEL
2014-07-03;1404345600000;PINE3.SA;11.88;11.88;11.88;11.88;10.34;0;stock;10.16;1.75;11.88;-0.0;100.0;ESTAVEL
2014-07-04;1404432000000;PINE3.SA;11.88;11.88;11.88;11.88;10.34;0;stock;10.16;1.73;11.88;-0.0;100.0;ESTAVEL
2014-07-07;1404691200000;PINE3.SA;11.88;11.88;11.88;11.88;10.34;0;stock;10.17;1.71;11.88;-0.0;100.0;ESTAVEL
2014-07-08;1404777600000;PINE3.SA;11.88;11.88;11.88;11.88;10.34;0;stock;10.17;1.69;11.88;-0.0;100.0;ESTAVEL
2014-07-10;1404950400000;PINE3.SA;11.88;11.88;11.88;11.88;10.34;0;stock;10.17;1.68;11.88;-0.0;100.0;ESTAVEL
2014-07-11;1405036800000;PINE3.SA;11.88;11.88;11.88;11.88;10.34;0;stock;10.17;1.66;11.88;-0.0;100.0;ESTAVEL
2014-07-14;1405296000000;PINE3.SA;11.88;11.88;11.88;11.88;10.34;0;stock;10.17;1.64;11.88;-0.0;100.0;ESTAVEL
2014-07-15;1405382400000;PINE3.SA;11.88;11.88;11.88;11.88;10.34;0;stock;10.17;1.62;11.88;-0.0;100.0;ESTAVEL
2014-07-16;1405468800000;PINE3.SA;11.88;11.88;11.88;11.88;10.34;0;stock;10.18;1.61;11.88;-0.0;100.0;ESTAVEL
2014-07-17;1405555200000;PINE3.SA;11.88;11.88;11.88;11.88;10.34;0;stock;10.18;1.59;11.88;-0.0;100.0;ESTAVEL
2014-07-18;1405641600000;PINE3.SA;11.88;11.88;11.88;11.88;10.34;0;stock;10.18;1.57;11.88;-0.0;100.0;ESTAVEL
2014-07-21;1405900800000;PINE3.SA;11.88;11.88;11.88;11.88;10.34;0;stock;10.18;1.56;11.88;-0.0;100.0;ESTAVEL
2014-07-22;1405987200000;PINE3.SA;11.88;11.88;11.88;11.88;10.34;0;stock;10.18;1.54;11.88;-0.0;100.0;ESTAVEL
2014-07-23;1406073600000;PINE3.SA;11.88;11.88;11.88;11.88;10.34;0;stock;10.18;1.53;11.88;-0.0;100.0;ESTAVEL
2014-07-24;1406160000000;PINE3.SA;11.88;11.88;11.88;11.88;10.34;0;stock;10.19;1.51;11.88;-0.0;100.0;ESTAVEL
2014-07-25;1406246400000;PINE3.SA;11.88;11.88;11.88;11.88;10.34;0;stock;10.19;1.49;11.88;-0.0;100.0;ESTAVEL
2014-07-28;1406505600000;PINE3.SA;11.88;11.88;11.88;11.88;10.34;0;stock;10.19;1.48;11.88;-0.0;100.0;ESTAVEL
2014-07-29;1406592000000;PINE3.SA;11.88;11.88;11.88;11.88;10.34;0;stock;10.19;1.46;11.88;-0.0;100.0;ESTAVEL
2014-07-30;1406678400000;PINE3.SA;11.88;11.88;11.88;11.88;10.34;0;stock;10.19;1.45;11.88;-0.0;100.0;ESTAVEL
2014-07-31;1406764800000;PINE3.SA;11.88;11.88;11.88;11.88;10.34;0;stock;10.19;1.43;11.88;-0.0;100.0;ESTAVEL
2014-08-01;1406851200000;PINE3.SA;11.88;11.88;11.88;11.88;10.34;0;stock;10.2;1.42;11.88;-0.0;100.0;ESTAVEL
2014-08-04;1407110400000;PINE3.SA;11.88;11.88;11.88;11.88;10.34;0;stock;10.2;1.4;11.88;-0.0;100.0;ESTAVEL
2014-08-05;1407196800000;PINE3.SA;11.88;11.88;11.88;11.88;10.34;0;stock;10.2;1.39;11.88;-0.0;100.0;ESTAVEL
2014-08-06;1407283200000;PINE3.SA;11.88;11.88;11.88;11.88;10.34;0;stock;10.2;1.37;11.88;-0.0;100.0;ESTAVEL
2014-08-07;1407369600000;PINE3.SA;11.88;11.88;11.88;11.88;10.34;0;stock;10.2;1.36;11.88;-0.0;100.0;ESTAVEL
2014-08-08;1407456000000;PINE3.SA;11.88;11.88;11.88;11.88;10.34;0;stock;10.2;1.35;11.88;-0.0;100.0;ESTAVEL
2014-08-11;1407715200000;PINE3.SA;11.88;11.88;11.88;11.88;10.34;0;stock;10.2;1.33;11.88;-0.0;100.0;ESTAVEL
2014-08-12;1407801600000;PINE3.SA;11.88;11.88;11.88;11.88;10.34;0;stock;10.21;1.32;11.88;-0.0;100.0;ESTAVEL
2014-08-13;1407888000000;PINE3.SA;11.88;11.88;11.88;11.88;10.34;0;stock;10.21;1.3;11.88;-0.0;100.0;ESTAVEL
2014-08-14;1407974400000;PINE3.SA;11.88;11.88;11.88;11.88;10.34;0;stock;10.21;1.29;11.88;-0.0;100.0;ESTAVEL
2014-08-15;1408060800000;PINE3.SA;11.88;11.88;11.88;11.88;10.34;0;stock;10.21;1.28;11.88;-0.0;100.0;ESTAVEL
2014-08-18;1408320000000;PINE3.SA;11.88;11.88;11.88;11.88;10.34;0;stock;10.21;1.26;11.88;-0.0;100.0;ESTAVEL
2014-08-19;1408406400000;PINE3.SA;11.88;11.88;11.88;11.88;10.34;0;stock;10.21;1.25;11.88;-0.0;100.0;ESTAVEL
2014-08-20;1408492800000;PINE3.SA;11.88;11.88;11.88;11.88;10.34;0;stock;10.21;1.24;11.88;-0.0;100.0;ESTAVEL
2014-08-21;1408579200000;PINE3.SA;11.88;11.88;11.88;11.88;10.34;0;stock;10.21;1.23;11.88;-0.0;100.0;ESTAVEL
2014-08-22;1408665600000;PINE3.SA;11.88;11.88;11.88;11.88;10.34;0;stock;10.22;1.21;11.88;-0.0;100.0;ESTAVEL
2014-08-25;1408924800000;PINE3.SA;11.88;11.88;11.88;11.88;10.34;0;stock;10.22;1.2;11.88;-0.0;100.0;ESTAVEL
2014-08-26;1409011200000;PINE3.SA;11.88;11.88;11.88;11.88;10.34;0;stock;10.22;1.19;11.88;-0.0;100.0;ESTAVEL
2014-08-27;1409097600000;PINE3.SA;11.88;11.88;11.88;11.88;10.34;0;stock;10.22;1.18;11.88;-0.0;100.0;ESTAVEL
2014-08-28;1409184000000;PINE3.SA;11.88;11.88;11.88;11.88;10.34;0;stock;10.22;1.16;11.88;-0.0;100.0;ESTAVEL
2014-08-29;1409270400000;PINE3.SA;11.88;11.88;11.88;11.88;10.34;0;stock;10.22;1.15;11.88;-0.0;100.0;ESTAVEL
2014-09-01;1409529600000;PINE3.SA;11.88;11.88;11.88;11.88;10.34;0;stock;10.22;1.14;11.88;-0.0;100.0;ESTAVEL
2014-09-02;1409616000000;PINE3.SA;11.88;11.88;11.88;11.88;10.34;0;stock;10.22;1.13;11.88;-0.0;100.0;ESTAVEL
2014-09-03;1409702400000;PINE3.SA;11.88;11.88;11.88;11.88;10.34;0;stock;10.23;1.12;11.88;-0.0;100.0;ESTAVEL
2014-09-04;1409788800000;PINE3.SA;11.88;11.88;11.88;11.88;10.34;0;stock;10.23;1.11;11.88;-0.0;100.0;ESTAVEL
2014-09-05;1409875200000;PINE3.SA;11.88;11.88;11.88;11.88;10.34;0;stock;10.23;1.09;11.88;-0.0;100.0;ESTAVEL
2014-09-08;1410134400000;PINE3.SA;11.88;11.88;11.88;11.88;10.34;0;stock;10.23;1.08;11.88;-0.0;100.0;ESTAVEL
2014-09-09;1410220800000;PINE3.SA;11.88;11.88;11.88;11.88;10.34;0;stock;10.23;1.07;11.88;-0.0;100.0;ESTAVEL
2014-09-10;1410307200000;PINE3.SA;11.88;11.88;11.88;11.88;10.34;0;stock;10.23;1.06;11.88;-0.0;100.0;ESTAVEL
2014-09-11;1410393600000;PINE3.SA;11.88;11.88;11.88;11.88;10.34;0;stock;10.23;1.05;11.88;-0.0;100.0;ESTAVEL
2014-09-12;1410480000000;PINE3.SA;11.88;11.88;11.88;11.88;10.34;0;stock;10.23;1.04;11.88;-0.0;100.0;ESTAVEL
2014-09-15;1410739200000;PINE3.SA;11.88;11.88;11.88;11.88;10.34;0;stock;10.23;1.03;11.88;-0.0;100.0;ESTAVEL
2014-09-16;1410825600000;PINE3.SA;11.88;11.88;11.88;11.88;10.34;0;stock;10.24;1.02;11.88;-0.0;100.0;ESTAVEL
2014-09-17;1410912000000;PINE3.SA;11.88;11.88;11.88;11.88;10.34;0;stock;10.24;1.01;11.88;-0.0;100.0;ESTAVEL
2014-09-18;1410998400000;PINE3.SA;11.88;11.88;11.88;11.88;10.34;0;stock;10.24;1.0;11.88;-0.0;100.0;ESTAVEL
2014-09-19;1411084800000;PINE3.SA;11.88;11.88;11.88;11.88;10.34;0;stock;10.24;0.99;11.88;-0.0;100.0;ESTAVEL
2014-09-22;1411344000000;PINE3.SA;11.88;11.88;11.88;11.88;10.34;0;stock;10.24;0.98;11.88;-0.0;100.0;ESTAVEL
2014-09-23;1411430400000;PINE3.SA;11.88;11.88;11.88;11.88;10.34;0;stock;10.24;0.97;11.88;-0.0;100.0;ESTAVEL
2014-09-24;1411516800000;PINE3.SA;11.88;11.88;11.88;11.88;10.34;0;stock;10.24;0.96;11.88;-0.0;100.0;ESTAVEL
2014-09-25;1411603200000;PINE3.SA;11.88;11.88;11.88;11.88;10.34;0;stock;10.24;0.95;11.88;-0.0;100.0;ESTAVEL
2014-09-26;1411689600000;PINE3.SA;11.88;11.88;11.88;11.88;10.34;0;stock;10.24;0.94;11.88;-0.0;100.0;ESTAVEL
2014-09-29;1411948800000;PINE3.SA;11.88;11.88;11.88;11.88;10.34;0;stock;10.24;0.93;11.88;-0.0;100.0;ESTAVEL
2014-09-30;1412035200000;PINE3.SA;11.88;11.88;11.88;11.88;10.34;0;stock;10.25;0.92;11.88;-0.0;100.0;ESTAVEL
2014-10-01;1412121600000;PINE3.SA;11.88;11.88;11.88;11.88;10.34;0;stock;10.25;0.91;11.88;-0.0;100.0;ESTAVEL
2014-10-02;1412208000000;PINE3.SA;11.88;11.88;11.88;11.88;10.34;0;stock;10.25;0.9;11.88;-0.0;100.0;ESTAVEL
2014-10-03;1412294400000;PINE3.SA;11.88;11.88;11.88;11.88;10.34;0;stock;10.25;0.89;11.88;-0.0;100.0;ESTAVEL
2014-10-06;1412553600000;PINE3.SA;11.88;11.88;11.88;11.88;10.34;0;stock;10.25;0.88;11.88;-0.0;100.0;ESTAVEL
2014-10-07;1412640000000;PINE3.SA;11.88;11.88;11.88;11.88;10.34;0;stock;10.25;0.87;11.88;-0.0;100.0;ESTAVEL
2014-10-08;1412726400000;PINE3.SA;11.88;11.88;11.88;11.88;10.34;0;stock;10.25;0.86;11.88;-0.0;100.0;ESTAVEL
2014-10-09;1412812800000;PINE3.SA;11.88;11.88;11.88;11.88;10.34;0;stock;10.25;0.86;11.88;-0.0;100.0;ESTAVEL
2014-10-10;1412899200000;PINE3.SA;11.88;11.88;11.88;11.88;10.34;0;stock;10.25;0.85;11.88;-0.0;100.0;ESTAVEL
2014-10-13;1413158400000;PINE3.SA;11.88;11.88;11.88;11.88;10.34;0;stock;10.25;0.84;11.88;-0.0;100.0;ESTAVEL
2014-10-14;1413244800000;PINE3.SA;11.88;11.88;11.88;11.88;10.34;0;stock;10.25;0.83;11.88;-0.0;100.0;ESTAVEL
2014-10-15;1413331200000;PINE3.SA;11.88;11.88;11.88;11.88;10.34;0;stock;10.26;0.82;11.88;-0.0;100.0;ESTAVEL
2014-10-16;1413417600000;PINE3.SA;11.88;11.88;11.88;11.88;10.34;0;stock;10.26;0.81;11.88;-0.0;100.0;ESTAVEL
2014-10-17;1413504000000;PINE3.SA;11.88;11.88;11.88;11.88;10.34;0;stock;10.26;0.8;11.88;-0.0;100.0;ESTAVEL
2014-10-20;1413763200000;PINE3.SA;11.88;11.88;11.88;11.88;10.34;0;stock;10.26;0.8;11.88;-0.0;100.0;ESTAVEL
2014-10-21;1413849600000;PINE3.SA;11.88;11.88;11.88;11.88;10.34;0;stock;10.26;0.79;11.88;-0.0;100.0;ESTAVEL
2014-10-22;1413936000000;PINE3.SA;11.88;11.88;11.88;11.88;10.34;0;stock;10.26;0.78;11.88;-0.0;100.0;ESTAVEL
2014-10-23;1414022400000;PINE3.SA;11.88;11.88;11.88;11.88;10.34;0;stock;10.26;0.77;11.88;-0.0;100.0;ESTAVEL
2014-10-24;1414108800000;PINE3.SA;11.88;11.88;11.88;11.88;10.34;0;stock;10.26;0.76;11.88;-0.0;100.0;ESTAVEL
2014-10-27;1414368000000;PINE3.SA;11.88;11.88;11.88;11.88;10.34;0;stock;10.26;0.76;11.88;-0.0;100.0;ESTAVEL
2014-10-28;1414454400000;PINE3.SA;11.88;11.88;11.88;11.88;10.34;0;stock;10.26;0.75;11.88;-0.0;100.0;ESTAVEL
2014-10-29;1414540800000;PINE3.SA;11.88;11.88;11.88;11.88;10.34;0;stock;10.26;0.74;11.88;-0.0;100.0;ESTAVEL
2014-10-30;1414627200000;PINE3.SA;11.88;11.88;11.88;11.88;10.34;0;stock;10.26;0.73;11.88;-0.0;100.0;ESTAVEL
2014-10-31;1414713600000;PINE3.SA;11.88;11.88;11.88;11.88;10.34;0;stock;10.27;0.73;11.88;-0.0;100.0;ESTAVEL
2014-11-03;1414972800000;PINE3.SA;11.88;11.88;11.88;11.88;10.34;0;stock;10.27;0.72;11.88;-0.0;100.0;ESTAVEL
2014-11-04;1415059200000;PINE3.SA;11.88;11.88;11.88;11.88;10.34;0;stock;10.27;0.71;11.88;-0.0;100.0;ESTAVEL
2014-11-05;1415145600000;PINE3.SA;11.88;11.88;11.88;11.88;10.34;0;stock;10.27;0.7;11.88;-0.0;100.0;ESTAVEL
2014-11-06;1415232000000;PINE3.SA;11.88;11.88;11.88;11.88;10.34;0;stock;10.27;0.7;11.88;-0.0;100.0;ESTAVEL
2014-11-07;1415318400000;PINE3.SA;11.88;11.88;11.88;11.88;10.34;0;stock;10.27;0.69;11.88;-0.0;100.0;ESTAVEL
2014-11-10;1415577600000;PINE3.SA;11.88;11.88;11.88;11.88;10.34;0;stock;10.27;0.68;11.88;-0.0;100.0;ESTAVEL
2014-11-11;1415664000000;PINE3.SA;11.88;11.88;11.88;11.88;10.34;0;stock;10.27;0.68;11.88;-0.0;100.0;ESTAVEL
2014-11-12;1415750400000;PINE3.SA;11.88;11.88;11.88;11.88;10.34;0;stock;10.27;0.67;11.88;-0.0;100.0;ESTAVEL
2014-11-13;1415836800000;PINE3.SA;11.88;11.88;11.88;11.88;10.34;0;stock;10.27;0.66;11.88;-0.0;100.0;ESTAVEL
2014-11-14;1415923200000;PINE3.SA;11.88;11.88;11.88;11.88;10.34;0;stock;10.27;0.66;11.88;-0.0;100.0;ESTAVEL
2014-11-17;1416182400000;PINE3.SA;11.88;11.88;11.88;11.88;10.34;0;stock;10.27;0.65;11.88;-0.0;100.0;ESTAVEL
2014-11-18;1416268800000;PINE3.SA;11.88;11.88;11.88;11.88;10.34;0;stock;10.27;0.64;11.88;-0.0;100.0;ESTAVEL
2014-11-19;1416355200000;PINE3.SA;11.88;11.88;11.88;11.88;10.34;0;stock;10.27;0.64;11.88;-0.0;100.0;ESTAVEL
2014-11-21;1416528000000;PINE3.SA;11.88;11.88;11.88;11.88;10.34;0;stock;10.28;0.63;11.88;-0.0;100.0;ESTAVEL
2014-11-24;1416787200000;PINE3.SA;11.88;11.88;11.88;11.88;10.34;0;stock;10.28;0.62;11.88;-0.0;100.0;ESTAVEL
2014-11-25;1416873600000;PINE3.SA;11.88;11.88;11.88;11.88;10.34;0;stock;10.28;0.62;11.88;-0.0;100.0;ESTAVEL
2014-11-26;1416960000000;PINE3.SA;11.88;11.88;11.88;11.88;10.34;0;stock;10.28;0.61;11.88;-0.0;100.0;ESTAVEL
2014-11-27;1417046400000;PINE3.SA;11.88;11.88;11.88;11.88;10.34;0;stock;10.28;0.6;11.88;-0.0;100.0;ESTAVEL
2014-11-28;1417132800000;PINE3.SA;11.88;11.88;11.88;11.88;10.34;0;stock;10.28;0.6;11.88;-0.0;100.0;ESTAVEL
2014-12-01;1417392000000;PINE3.SA;11.88;11.88;11.88;11.88;10.34;0;stock;10.28;0.59;11.88;-0.0;100.0;ESTAVEL
2014-12-02;1417478400000;PINE3.SA;11.88;11.88;11.88;11.88;10.34;0;stock;10.28;0.59;11.88;-0.0;100.0;ESTAVEL
2014-12-03;1417564800000;PINE3.SA;11.88;11.88;11.88;11.88;10.34;0;stock;10.28;0.58;11.88;-0.0;100.0;ESTAVEL
2014-12-04;1417651200000;PINE3.SA;11.88;11.88;11.88;11.88;10.34;0;stock;10.28;0.57;11.88;-0.0;100.0;ESTAVEL
2014-12-05;1417737600000;PINE3.SA;11.88;11.88;11.88;11.88;10.34;0;stock;10.28;0.57;11.88;-0.0;100.0;ESTAVEL
2014-12-08;1417996800000;PINE3.SA;11.88;11.88;11.88;11.88;10.34;0;stock;10.28;0.56;11.88;-0.0;100.0;ESTAVEL
2014-12-09;1418083200000;PINE3.SA;11.88;11.88;11.88;11.88;10.34;0;stock;10.28;0.56;11.88;-0.0;100.0;ESTAVEL
2014-12-10;1418169600000;PINE3.SA;11.88;11.88;11.88;11.88;10.34;0;stock;10.28;0.55;11.88;-0.0;100.0;ESTAVEL
2014-12-11;1418256000000;PINE3.SA;11.88;11.88;11.88;11.88;10.34;0;stock;10.28;0.55;11.88;-0.0;100.0;ESTAVEL
2014-12-12;1418342400000;PINE3.SA;11.88;11.88;11.88;11.88;10.34;0;stock;10.28;0.54;11.88;-0.0;100.0;ESTAVEL
2014-12-15;1418601600000;PINE3.SA;11.88;11.88;11.88;11.88;10.34;0;stock;10.28;0.54;11.88;-0.0;100.0;ESTAVEL
2014-12-16;1418688000000;PINE3.SA;11.88;11.88;11.88;11.88;10.34;0;stock;10.29;0.53;11.88;-0.0;100.0;ESTAVEL
2014-12-17;1418774400000;PINE3.SA;11.88;11.88;11.88;11.88;10.34;0;stock;10.29;0.52;11.88;-0.0;100.0;ESTAVEL
2014-12-18;1418860800000;PINE3.SA;11.88;11.88;11.88;11.88;10.34;0;stock;10.29;0.52;11.88;-0.0;100.0;ESTAVEL
2014-12-19;1418947200000;PINE3.SA;11.88;11.88;11.88;11.88;10.34;0;stock;10.29;0.51;11.88;-0.0;100.0;ESTAVEL
2014-12-22;1419206400000;PINE3.SA;11.88;11.88;11.88;11.88;10.34;0;stock;10.29;0.51;11.88;-0.0;100.0;ESTAVEL
2014-12-23;1419292800000;PINE3.SA;11.88;11.88;11.88;11.88;10.34;0;stock;10.29;0.5;11.88;-0.0;100.0;ESTAVEL
2014-12-26;1419552000000;PINE3.SA;11.88;11.88;11.88;11.88;10.34;0;stock;10.29;0.5;11.88;-0.0;100.0;ESTAVEL
2014-12-29;1419811200000;PINE3.SA;11.88;11.88;11.88;11.88;10.34;0;stock;10.29;0.49;11.88;-0.0;100.0;ESTAVEL
2014-12-30;1419897600000;PINE3.SA;11.88;11.88;11.88;11.88;10.34;0;stock;10.29;0.49;11.88;-0.0;100.0;ESTAVEL
2015-01-02;1420156800000;PINE3.SA;11.88;11.88;11.88;11.88;10.41;0;stock;10.29;1.16;11.88;-0.0;100.0;ESTAVEL
2015-01-05;1420416000000;PINE3.SA;11.88;11.88;11.88;11.88;10.41;0;stock;10.29;1.15;11.88;-0.0;100.0;ESTAVEL
2015-01-06;1420502400000;PINE3.SA;11.88;11.88;11.88;11.88;10.41;0;stock;10.29;1.13;11.88;-0.0;100.0;ESTAVEL
2015-01-07;1420588800000;PINE3.SA;11.88;11.88;11.88;11.88;10.41;0;stock;10.29;1.12;11.88;-0.0;100.0;ESTAVEL
2015-01-08;1420675200000;PINE3.SA;11.88;11.88;11.88;11.88;10.41;0;stock;10.3;1.11;11.88;-0.0;100.0;ESTAVEL
2015-01-09;1420761600000;PINE3.SA;11.88;11.88;11.88;11.88;10.41;0;stock;10.3;1.1;11.88;-0.0;100.0;ESTAVEL
2015-01-12;1421020800000;PINE3.SA;11.88;11.88;11.88;11.88;10.41;0;stock;10.3;1.09;11.88;-0.0;100.0;ESTAVEL
2015-01-13;1421107200000;PINE3.SA;11.88;11.88;11.88;11.88;10.41;0;stock;10.3;1.08;11.88;-0.0;100.0;ESTAVEL
2015-01-14;1421193600000;PINE3.SA;11.88;11.88;11.88;11.88;10.41;0;stock;10.3;1.07;11.88;-0.0;100.0;ESTAVEL
2015-01-15;1421280000000;PINE3.SA;11.88;11.88;11.88;11.88;10.41;0;stock;10.3;1.06;11.88;-0.0;100.0;ESTAVEL
2015-01-16;1421366400000;PINE3.SA;11.88;11.88;11.88;11.88;10.41;0;stock;10.3;1.04;11.88;-0.0;100.0;ESTAVEL
2015-01-19;1421625600000;PINE3.SA;11.88;11.88;11.88;11.88;10.41;0;stock;10.3;1.03;11.88;-0.0;100.0;ESTAVEL
2015-01-20;1421712000000;PINE3.SA;11.88;11.88;11.88;11.88;10.41;0;stock;10.3;1.02;11.88;-0.0;100.0;ESTAVEL
2015-01-21;1421798400000;PINE3.SA;11.88;11.88;11.88;11.88;10.41;0;stock;10.31;1.01;11.88;-0.0;100.0;ESTAVEL
2015-01-22;1421884800000;PINE3.SA;11.88;11.88;11.88;11.88;10.41;0;stock;10.31;1.0;11.88;-0.0;100.0;ESTAVEL
2015-01-23;1421971200000;PINE3.SA;11.88;11.88;11.88;11.88;10.41;0;stock;10.31;0.99;11.88;-0.0;100.0;ESTAVEL
2015-01-26;1422230400000;PINE3.SA;11.88;11.88;11.88;11.88;10.41;0;stock;10.31;0.98;11.88;-0.0;100.0;ESTAVEL
2015-01-27;1422316800000;PINE3.SA;11.88;11.88;11.88;11.88;10.41;0;stock;10.31;0.97;11.88;-0.0;100.0;ESTAVEL
2015-01-28;1422403200000;PINE3.SA;11.88;11.88;11.88;11.88;10.41;0;stock;10.31;0.96;11.88;-0.0;100.0;ESTAVEL
2015-01-29;1422489600000;PINE3.SA;11.88;11.88;11.88;11.88;10.41;0;stock;10.31;0.95;11.88;-0.0;100.0;ESTAVEL
2015-01-30;1422576000000;PINE3.SA;11.88;11.88;11.88;11.88;10.41;0;stock;10.31;0.94;11.88;-0.0;100.0;ESTAVEL
2015-02-02;1422835200000;PINE3.SA;11.88;11.88;11.88;11.88;10.41;0;stock;10.31;0.93;11.88;-0.0;100.0;ESTAVEL
2015-02-03;1422921600000;PINE3.SA;11.88;11.88;11.88;11.88;10.41;0;stock;10.31;0.92;11.88;-0.0;100.0;ESTAVEL
2015-02-04;1423008000000;PINE3.SA;11.88;11.88;11.88;11.88;10.41;0;stock;10.32;0.92;11.88;-0.0;100.0;ESTAVEL
2015-02-05;1423094400000;PINE3.SA;11.88;11.88;11.88;11.88;10.41;0;stock;10.32;0.91;11.88;-0.0;100.0;ESTAVEL
2015-02-06;1423180800000;PINE3.SA;11.88;11.88;11.88;11.88;10.41;0;stock;10.32;0.9;11.88;-0.0;100.0;ESTAVEL
2015-02-09;1423440000000;PINE3.SA;11.88;11.88;11.88;11.88;10.41;0;stock;10.32;0.89;11.88;-0.0;100.0;ESTAVEL
2015-02-10;1423526400000;PINE3.SA;11.88;11.88;11.88;11.88;10.41;0;stock;10.32;0.88;11.88;-0.0;100.0;ESTAVEL
2015-02-11;1423612800000;PINE3.SA;11.88;11.88;11.88;11.88;10.41;0;stock;10.32;0.87;11.88;-0.0;100.0;ESTAVEL
2015-02-12;1423699200000;PINE3.SA;11.88;11.88;11.88;11.88;10.41;0;stock;10.32;0.86;11.88;-0.0;100.0;ESTAVEL
2015-02-13;1423785600000;PINE3.SA;11.88;11.88;11.88;11.88;10.41;0;stock;10.32;0.85;11.88;-0.0;100.0;ESTAVEL
2015-02-18;1424217600000;PINE3.SA;11.88;11.88;11.88;11.88;10.41;0;stock;10.32;0.84;11.88;-0.0;100.0;ESTAVEL
2015-02-19;1424304000000;PINE3.SA;11.88;11.88;11.88;11.88;10.41;0;stock;10.32;0.84;11.88;-0.0;100.0;ESTAVEL
2015-02-20;1424390400000;PINE3.SA;11.88;11.88;11.88;11.88;10.41;0;stock;10.32;0.83;11.88;-0.0;100.0;ESTAVEL
2015-02-23;1424649600000;PINE3.SA;11.88;11.88;11.88;11.88;10.41;0;stock;10.33;0.82;11.88;-0.0;100.0;ESTAVEL
2015-02-24;1424736000000;PINE3.SA;11.88;11.88;11.88;11.88;10.41;0;stock;10.33;0.81;11.88;-0.0;100.0;ESTAVEL
2015-02-25;1424822400000;PINE3.SA;11.88;11.88;11.88;11.88;10.41;0;stock;10.33;0.8;11.88;-0.0;100.0;ESTAVEL
2015-02-26;1424908800000;PINE3.SA;11.88;11.88;11.88;11.88;10.41;0;stock;10.33;0.79;11.88;-0.0;100.0;ESTAVEL
2015-02-27;1424995200000;PINE3.SA;11.88;11.88;11.88;11.88;10.41;0;stock;10.33;0.79;11.88;-0.0;100.0;ESTAVEL
2015-03-02;1425254400000;PINE3.SA;11.88;11.88;11.88;11.88;10.41;0;stock;10.33;0.78;11.88;-0.0;100.0;ESTAVEL
2015-03-03;1425340800000;PINE3.SA;11.88;11.88;11.88;11.88;10.41;0;stock;10.33;0.77;11.88;-0.0;100.0;ESTAVEL
2015-03-04;1425427200000;PINE3.SA;11.88;11.88;11.88;11.88;10.41;0;stock;10.33;0.76;11.88;-0.0;100.0;ESTAVEL
2015-03-05;1425513600000;PINE3.SA;11.88;11.88;11.88;11.88;10.41;0;stock;10.33;0.75;11.88;-0.0;100.0;ESTAVEL
2015-03-06;1425600000000;PINE3.SA;11.88;11.88;11.88;11.88;10.41;0;stock;10.33;0.75;11.88;-0.0;100.0;ESTAVEL
2015-03-09;1425859200000;PINE3.SA;11.88;11.88;11.88;11.88;10.41;0;stock;10.33;0.74;11.88;-0.0;100.0;ESTAVEL
2015-03-10;1425945600000;PINE3.SA;11.88;11.88;11.88;11.88;10.41;0;stock;10.33;0.73;11.88;-0.0;100.0;ESTAVEL
2015-03-11;1426032000000;PINE3.SA;11.88;11.88;11.88;11.88;10.41;0;stock;10.34;0.72;11.88;-0.0;100.0;ESTAVEL
2015-03-12;1426118400000;PINE3.SA;11.88;11.88;11.88;11.88;10.41;0;stock;10.34;0.72;11.88;-0.0;100.0;ESTAVEL
2015-03-13;1426204800000;PINE3.SA;11.88;11.88;11.88;11.88;10.41;0;stock;10.34;0.71;11.88;-0.0;100.0;ESTAVEL
2015-03-16;1426464000000;PINE3.SA;11.88;11.88;11.88;11.88;10.41;0;stock;10.34;0.7;11.88;-0.0;100.0;ESTAVEL
2015-03-17;1426550400000;PINE3.SA;11.88;11.88;11.88;11.88;10.41;0;stock;10.34;0.7;11.88;-0.0;100.0;ESTAVEL
2015-03-18;1426636800000;PINE3.SA;11.88;11.88;11.88;11.88;10.41;0;stock;10.34;0.69;11.88;-0.0;100.0;ESTAVEL
2015-03-19;1426723200000;PINE3.SA;11.88;11.88;11.88;11.88;10.41;0;stock;10.34;0.68;11.88;-0.0;100.0;ESTAVEL
2015-03-20;1426809600000;PINE3.SA;11.88;11.88;11.88;11.88;10.41;0;stock;10.34;0.68;11.88;-0.0;100.0;ESTAVEL
2015-03-23;1427068800000;PINE3.SA;11.88;11.88;11.88;11.88;10.41;0;stock;10.34;0.67;11.88;-0.0;100.0;ESTAVEL
2015-03-24;1427155200000;PINE3.SA;11.88;11.88;11.88;11.88;10.41;0;stock;10.34;0.66;11.88;-0.0;100.0;ESTAVEL
2015-03-25;1427241600000;PINE3.SA;11.88;11.88;11.88;11.88;10.41;0;stock;10.34;0.66;11.88;-0.0;100.0;ESTAVEL
2015-03-26;1427328000000;PINE3.SA;11.88;11.88;11.88;11.88;10.41;0;stock;10.34;0.65;11.88;-0.0;100.0;ESTAVEL
2015-03-27;1427414400000;PINE3.SA;11.88;11.88;11.88;11.88;10.41;0;stock;10.34;0.64;11.88;-0.0;100.0;ESTAVEL
2015-03-30;1427673600000;PINE3.SA;11.88;11.88;11.88;11.88;10.41;0;stock;10.34;0.64;11.88;-0.0;100.0;ESTAVEL
2015-03-31;1427760000000;PINE3.SA;11.88;11.88;11.88;11.88;10.41;0;stock;10.34;0.63;11.88;-0.0;100.0;ESTAVEL
2015-04-01;1427846400000;PINE3.SA;11.88;11.88;11.88;11.88;10.51;0;stock;10.35;1.58;11.88;-0.0;100.0;ESTAVEL
2015-04-02;1427932800000;PINE3.SA;11.88;11.88;11.88;11.88;10.51;0;stock;10.35;1.56;11.88;-0.0;100.0;ESTAVEL
2015-04-06;1428278400000;PINE3.SA;11.88;11.88;11.88;11.88;10.51;0;stock;10.35;1.55;11.88;-0.0;100.0;ESTAVEL
2015-04-07;1428364800000;PINE3.SA;11.88;11.88;11.88;11.88;10.51;0;stock;10.35;1.53;11.88;-0.0;100.0;ESTAVEL
2015-04-08;1428451200000;PINE3.SA;11.88;11.88;11.88;11.88;10.51;0;stock;10.35;1.52;11.88;-0.0;100.0;ESTAVEL
2015-04-09;1428537600000;PINE3.SA;11.88;11.88;11.88;11.88;10.51;0;stock;10.35;1.5;11.88;-0.0;100.0;ESTAVEL
2015-04-10;1428624000000;PINE3.SA;11.88;11.88;11.88;11.88;10.51;0;stock;10.36;1.49;11.88;-0.0;100.0;ESTAVEL
2015-04-13;1428883200000;PINE3.SA;11.88;11.88;11.88;11.88;10.51;0;stock;10.36;1.47;11.88;-0.0;100.0;ESTAVEL
2015-04-14;1428969600000;PINE3.SA;11.88;11.88;11.88;11.88;10.51;0;stock;10.36;1.46;11.88;-0.0;100.0;ESTAVEL
2015-04-15;1429056000000;PINE3.SA;11.88;11.88;11.88;11.88;10.51;0;stock;10.36;1.44;11.88;-0.0;100.0;ESTAVEL
2015-04-16;1429142400000;PINE3.SA;11.88;11.88;11.88;11.88;10.51;0;stock;10.36;1.43;11.88;-0.0;100.0;ESTAVEL
2015-04-17;1429228800000;PINE3.SA;11.88;11.88;11.88;11.88;10.51;0;stock;10.36;1.41;11.88;-0.0;100.0;ESTAVEL
2015-04-20;1429488000000;PINE3.SA;11.88;11.88;11.88;11.88;10.51;0;stock;10.37;1.4;11.88;-0.0;100.0;ESTAVEL
2015-04-22;1429660800000;PINE3.SA;11.88;11.88;11.88;11.88;10.51;0;stock;10.37;1.38;11.88;-0.0;100.0;ESTAVEL
2015-04-23;1429747200000;PINE3.SA;11.88;11.88;11.88;11.88;10.51;0;stock;10.37;1.37;11.88;-0.0;100.0;ESTAVEL
2015-04-24;1429833600000;PINE3.SA;11.88;11.88;11.88;11.88;10.51;0;stock;10.37;1.36;11.88;-0.0;100.0;ESTAVEL
2015-04-27;1430092800000;PINE3.SA;11.88;11.88;11.88;11.88;10.51;0;stock;10.37;1.34;11.88;-0.0;100.0;ESTAVEL
2015-04-28;1430179200000;PINE3.SA;11.88;11.88;11.88;11.88;10.51;0;stock;10.37;1.33;11.88;-0.0;100.0;ESTAVEL
2015-04-29;1430265600000;PINE3.SA;11.88;11.88;11.88;11.88;10.51;0;stock;10.37;1.31;11.88;-0.0;100.0;ESTAVEL
2015-04-30;1430352000000;PINE3.SA;11.88;11.88;11.88;11.88;10.51;0;stock;10.37;1.3;11.88;-0.0;100.0;ESTAVEL
2015-05-04;1430697600000;PINE3.SA;11.88;11.88;11.88;11.88;10.51;0;stock;10.38;1.29;11.88;-0.0;100.0;ESTAVEL
2015-05-05;1430784000000;PINE3.SA;11.88;11.88;11.88;11.88;10.51;0;stock;10.38;1.28;11.88;-0.0;100.0;ESTAVEL
2015-05-06;1430870400000;PINE3.SA;11.88;11.88;11.88;11.88;10.51;0;stock;10.38;1.26;11.88;-0.0;100.0;ESTAVEL
2015-05-07;1430956800000;PINE3.SA;11.88;11.88;11.88;11.88;10.51;0;stock;10.38;1.25;11.88;-0.0;100.0;ESTAVEL
2015-05-08;1431043200000;PINE3.SA;11.88;11.88;11.88;11.88;10.51;0;stock;10.38;1.24;11.88;-0.0;100.0;ESTAVEL
2015-05-11;1431302400000;PINE3.SA;11.88;11.88;11.88;11.88;10.51;0;stock;10.38;1.22;11.88;-0.0;100.0;ESTAVEL
2015-05-12;1431388800000;PINE3.SA;11.88;11.88;11.88;11.88;10.51;0;stock;10.38;1.21;11.88;-0.0;100.0;ESTAVEL
2015-05-13;1431475200000;PINE3.SA;11.88;11.88;11.88;11.88;10.51;0;stock;10.39;1.2;11.88;-0.0;100.0;ESTAVEL
2015-05-14;1431561600000;PINE3.SA;11.88;11.88;11.88;11.88;10.51;0;stock;10.39;1.19;11.88;-0.0;100.0;ESTAVEL
2015-05-15;1431648000000;PINE3.SA;11.88;11.88;11.88;11.88;10.51;0;stock;10.39;1.18;11.88;-0.0;100.0;ESTAVEL
2015-05-18;1431907200000;PINE3.SA;11.88;11.88;11.88;11.88;10.51;0;stock;10.39;1.16;11.88;-0.0;100.0;ESTAVEL
2015-05-19;1431993600000;PINE3.SA;11.88;11.88;11.88;11.88;10.51;0;stock;10.39;1.15;11.88;-0.0;100.0;ESTAVEL
2015-05-20;1432080000000;PINE3.SA;11.88;11.88;11.88;11.88;10.51;0;stock;10.39;1.14;11.88;-0.0;100.0;ESTAVEL
2015-05-21;1432166400000;PINE3.SA;11.88;11.88;11.88;11.88;10.51;0;stock;10.39;1.13;11.88;-0.0;100.0;ESTAVEL
2015-05-22;1432252800000;PINE3.SA;11.88;11.88;11.88;11.88;10.51;0;stock;10.39;1.12;11.88;-0.0;100.0;ESTAVEL
2015-05-25;1432512000000;PINE3.SA;11.88;11.88;11.88;11.88;10.51;0;stock;10.39;1.11;11.88;-0.0;100.0;ESTAVEL
2015-05-26;1432598400000;PINE3.SA;11.88;11.88;11.88;11.88;10.51;0;stock;10.4;1.1;11.88;-0.0;100.0;ESTAVEL
2015-05-27;1432684800000;PINE3.SA;11.88;11.88;11.88;11.88;10.51;0;stock;10.4;1.08;11.88;-0.0;100.0;ESTAVEL
2015-05-28;1432771200000;PINE3.SA;11.88;11.88;11.88;11.88;10.51;0;stock;10.4;1.07;11.88;-0.0;100.0;ESTAVEL
2015-05-29;1432857600000;PINE3.SA;11.88;11.88;11.88;11.88;10.51;0;stock;10.4;1.06;11.88;-0.0;100.0;ESTAVEL
2015-06-01;1433116800000;PINE3.SA;11.88;11.88;11.88;11.88;10.51;0;stock;10.4;1.05;11.88;-0.0;100.0;ESTAVEL
2015-06-02;1433203200000;PINE3.SA;11.88;11.88;11.88;11.88;10.51;0;stock;10.4;1.04;11.88;-0.0;100.0;ESTAVEL
2015-06-03;1433289600000;PINE3.SA;11.88;11.88;11.88;11.88;10.51;0;stock;10.4;1.03;11.88;-0.0;100.0;ESTAVEL
2015-06-05;1433462400000;PINE3.SA;11.88;11.88;11.88;11.88;10.51;0;stock;10.4;1.02;11.88;-0.0;100.0;ESTAVEL
2015-06-08;1433721600000;PINE3.SA;11.88;11.88;11.88;11.88;10.51;0;stock;10.4;1.01;11.88;-0.0;100.0;ESTAVEL
2015-06-09;1433808000000;PINE3.SA;11.88;11.88;11.88;11.88;10.51;0;stock;10.41;1.0;11.88;-0.0;100.0;ESTAVEL
2015-06-10;1433894400000;PINE3.SA;11.88;11.88;11.88;11.88;10.51;0;stock;10.41;0.99;11.88;-0.0;100.0;ESTAVEL
2015-06-11;1433980800000;PINE3.SA;11.88;11.88;11.88;11.88;10.51;0;stock;10.41;0.98;11.88;-0.0;100.0;ESTAVEL
2015-06-12;1434067200000;PINE3.SA;11.88;11.88;11.88;11.88;10.51;0;stock;10.41;0.97;11.88;-0.0;100.0;ESTAVEL
2015-06-15;1434326400000;PINE3.SA;11.88;11.88;11.88;11.88;10.51;0;stock;10.41;0.96;11.88;-0.0;100.0;ESTAVEL
2015-06-16;1434412800000;PINE3.SA;11.88;11.88;11.88;11.88;10.51;0;stock;10.41;0.95;11.88;-0.0;100.0;ESTAVEL
2015-06-17;1434499200000;PINE3.SA;11.88;11.88;11.88;11.88;10.51;0;stock;10.41;0.94;11.88;-0.0;100.0;ESTAVEL
2015-06-18;1434585600000;PINE3.SA;11.88;11.88;11.88;11.88;10.51;0;stock;10.41;0.93;11.88;-0.0;100.0;ESTAVEL
2015-06-19;1434672000000;PINE3.SA;11.88;11.88;11.88;11.88;10.51;0;stock;10.41;0.92;11.88;-0.0;100.0;ESTAVEL
2015-06-22;1434931200000;PINE3.SA;11.88;11.88;11.88;11.88;10.51;0;stock;10.41;0.91;11.88;-0.0;100.0;ESTAVEL
2015-06-23;1435017600000;PINE3.SA;11.88;11.88;11.88;11.88;10.51;0;stock;10.42;0.9;11.88;-0.0;100.0;ESTAVEL
2015-06-24;1435104000000;PINE3.SA;11.88;11.88;11.88;11.88;10.51;0;stock;10.42;0.89;11.88;-0.0;100.0;ESTAVEL
2015-06-25;1435190400000;PINE3.SA;11.88;11.88;11.88;11.88;10.51;0;stock;10.42;0.89;11.88;-0.0;100.0;ESTAVEL
2015-06-26;1435276800000;PINE3.SA;11.88;11.88;11.88;11.88;10.51;0;stock;10.42;0.88;11.88;-0.0;100.0;ESTAVEL
2015-06-29;1435536000000;PINE3.SA;11.88;11.88;11.88;11.88;10.51;0;stock;10.42;0.87;11.88;-0.0;100.0;ESTAVEL
2015-06-30;1435622400000;PINE3.SA;11.88;11.88;11.88;11.88;10.51;0;stock;10.42;0.86;11.88;-0.0;100.0;ESTAVEL
2015-07-01;1435708800000;PINE3.SA;11.88;11.88;11.88;11.88;10.61;0;stock;10.42;1.8;11.88;-0.0;100.0;ESTAVEL
2015-07-02;1435795200000;PINE3.SA;11.88;11.88;11.88;11.88;10.61;0;stock;10.42;1.78;11.88;-0.0;100.0;ESTAVEL
2015-07-03;1435881600000;PINE3.SA;11.88;11.88;11.88;11.88;10.61;0;stock;10.43;1.76;11.88;-0.0;100.0;ESTAVEL
2015-07-06;1436140800000;PINE3.SA;11.88;11.88;11.88;11.88;10.61;0;stock;10.43;1.75;11.88;-0.0;100.0;ESTAVEL
2015-07-07;1436227200000;PINE3.SA;11.88;11.88;11.88;11.88;10.61;0;stock;10.43;1.73;11.88;-0.0;100.0;ESTAVEL
2015-07-08;1436313600000;PINE3.SA;11.88;11.88;11.88;11.88;10.61;0;stock;10.43;1.71;11.88;-0.0;100.0;ESTAVEL
2015-07-10;1436486400000;PINE3.SA;11.88;11.88;11.88;11.88;10.61;0;stock;10.43;1.69;11.88;-0.0;100.0;ESTAVEL
2015-07-13;1436745600000;PINE3.SA;11.88;11.88;11.88;11.88;10.61;0;stock;10.44;1.68;11.88;-0.0;100.0;ESTAVEL
2015-07-14;1436832000000;PINE3.SA;11.88;11.88;11.88;11.88;10.61;0;stock;10.44;1.66;11.88;-0.0;100.0;ESTAVEL
2015-07-15;1436918400000;PINE3.SA;11.88;11.88;11.88;11.88;10.61;0;stock;10.44;1.64;11.88;-0.0;100.0;ESTAVEL
2015-07-16;1437004800000;PINE3.SA;11.88;11.88;11.88;11.88;10.61;0;stock;10.44;1.63;11.88;-0.0;100.0;ESTAVEL
2015-07-17;1437091200000;PINE3.SA;11.88;11.88;11.88;11.88;10.61;0;stock;10.44;1.61;11.88;-0.0;100.0;ESTAVEL
2015-07-20;1437350400000;PINE3.SA;11.88;11.88;11.88;11.88;10.61;0;stock;10.44;1.59;11.88;-0.0;100.0;ESTAVEL
2015-07-21;1437436800000;PINE3.SA;11.88;11.88;11.88;11.88;10.61;0;stock;10.45;1.58;11.88;-0.0;100.0;ESTAVEL
2015-07-22;1437523200000;PINE3.SA;11.88;11.88;11.88;11.88;10.61;0;stock;10.45;1.56;11.88;-0.0;100.0;ESTAVEL
2015-07-23;1437609600000;PINE3.SA;11.88;11.88;11.88;11.88;10.61;0;stock;10.45;1.54;11.88;-0.0;100.0;ESTAVEL
2015-07-24;1437696000000;PINE3.SA;11.88;11.88;11.88;11.88;10.61;0;stock;10.45;1.53;11.88;-0.0;100.0;ESTAVEL
2015-07-27;1437955200000;PINE3.SA;11.88;11.88;11.88;11.88;10.61;0;stock;10.45;1.51;11.88;-0.0;100.0;ESTAVEL
2015-07-28;1438041600000;PINE3.SA;11.88;11.88;11.88;11.88;10.61;0;stock;10.45;1.5;11.88;-0.0;100.0;ESTAVEL
2015-07-29;1438128000000;PINE3.SA;11.88;11.88;11.88;11.88;10.61;0;stock;10.45;1.48;11.88;-0.0;100.0;ESTAVEL
2015-07-30;1438214400000;PINE3.SA;11.88;11.88;11.88;11.88;10.61;0;stock;10.46;1.47;11.88;-0.0;100.0;ESTAVEL
2015-07-31;1438300800000;PINE3.SA;11.88;11.88;11.88;11.88;10.61;0;stock;10.46;1.45;11.88;-0.0;100.0;ESTAVEL
2015-08-03;1438560000000;PINE3.SA;11.88;11.88;11.88;11.88;10.61;0;stock;10.46;1.44;11.88;-0.0;100.0;ESTAVEL
2015-08-04;1438646400000;PINE3.SA;11.88;11.88;11.88;11.88;10.61;0;stock;10.46;1.42;11.88;-0.0;100.0;ESTAVEL
2015-08-05;1438732800000;PINE3.SA;11.88;11.88;11.88;11.88;10.61;0;stock;10.46;1.41;11.88;-0.0;100.0;ESTAVEL
2015-08-06;1438819200000;PINE3.SA;11.88;11.88;11.88;11.88;10.61;0;stock;10.46;1.4;11.88;-0.0;100.0;ESTAVEL
2015-08-07;1438905600000;PINE3.SA;11.88;11.88;11.88;11.88;10.61;0;stock;10.47;1.38;11.88;-0.0;100.0;ESTAVEL
2015-08-10;1439164800000;PINE3.SA;11.88;11.88;11.88;11.88;10.61;0;stock;10.47;1.37;11.88;-0.0;100.0;ESTAVEL
2015-08-11;1439251200000;PINE3.SA;11.88;11.88;11.88;11.88;10.61;0;stock;10.47;1.35;11.88;-0.0;100.0;ESTAVEL
2015-08-12;1439337600000;PINE3.SA;11.88;11.88;11.88;11.88;10.61;0;stock;10.47;1.34;11.88;-0.0;100.0;ESTAVEL
2015-08-13;1439424000000;PINE3.SA;11.88;11.88;11.88;11.88;10.61;0;stock;10.47;1.33;11.88;-0.0;100.0;ESTAVEL
2015-08-14;1439510400000;PINE3.SA;11.88;11.88;11.88;11.88;10.61;0;stock;10.47;1.31;11.88;-0.0;100.0;ESTAVEL
2015-08-17;1439769600000;PINE3.SA;11.88;11.88;11.88;11.88;10.61;0;stock;10.47;1.3;11.88;-0.0;100.0;ESTAVEL
2015-08-18;1439856000000;PINE3.SA;11.88;11.88;11.88;11.88;10.61;0;stock;10.48;1.29;11.88;-0.0;100.0;ESTAVEL
2015-08-19;1439942400000;PINE3.SA;11.88;11.88;11.88;11.88;10.61;0;stock;10.48;1.27;11.88;-0.0;100.0;ESTAVEL
2015-08-20;1440028800000;PINE3.SA;11.88;11.88;11.88;11.88;10.61;0;stock;10.48;1.26;11.88;-0.0;100.0;ESTAVEL
2015-08-21;1440115200000;PINE3.SA;11.88;11.88;11.88;11.88;10.61;0;stock;10.48;1.25;11.88;-0.0;100.0;ESTAVEL
2015-08-24;1440374400000;PINE3.SA;11.88;11.88;11.88;11.88;10.61;0;stock;10.48;1.24;11.88;-0.0;100.0;ESTAVEL
2015-08-25;1440460800000;PINE3.SA;11.88;11.88;11.88;11.88;10.61;0;stock;10.48;1.22;11.88;-0.0;100.0;ESTAVEL
2015-08-26;1440547200000;PINE3.SA;11.88;11.88;11.88;11.88;10.61;0;stock;10.48;1.21;11.88;-0.0;100.0;ESTAVEL
2015-08-27;1440633600000;PINE3.SA;11.88;11.88;11.88;11.88;10.61;0;stock;10.48;1.2;11.88;-0.0;100.0;ESTAVEL
2015-08-28;1440720000000;PINE3.SA;11.88;11.88;11.88;11.88;10.61;0;stock;10.49;1.19;11.88;-0.0;100.0;ESTAVEL
2015-08-31;1440979200000;PINE3.SA;11.88;11.88;11.88;11.88;10.61;0;stock;10.49;1.17;11.88;-0.0;100.0;ESTAVEL
2015-09-01;1441065600000;PINE3.SA;11.88;11.88;11.88;11.88;10.61;0;stock;10.49;1.16;11.88;-0.0;100.0;ESTAVEL
2015-09-02;1441152000000;PINE3.SA;11.88;11.88;11.88;11.88;10.61;0;stock;10.49;1.15;11.88;-0.0;100.0;ESTAVEL
2015-09-03;1441238400000;PINE3.SA;11.88;11.88;11.88;11.88;10.61;0;stock;10.49;1.14;11.88;-0.0;100.0;ESTAVEL
2015-09-04;1441324800000;PINE3.SA;11.88;11.88;11.88;11.88;10.61;0;stock;10.49;1.13;11.88;-0.0;100.0;ESTAVEL
2015-09-08;1441670400000;PINE3.SA;11.88;11.88;11.88;11.88;10.61;0;stock;10.49;1.12;11.88;-0.0;100.0;ESTAVEL
2015-09-09;1441756800000;PINE3.SA;11.88;11.88;11.88;11.88;10.61;0;stock;10.49;1.11;11.88;-0.0;100.0;ESTAVEL
2015-09-10;1441843200000;PINE3.SA;11.88;11.88;11.88;11.88;10.61;0;stock;10.5;1.09;11.88;-0.0;100.0;ESTAVEL
2015-09-11;1441929600000;PINE3.SA;11.88;11.88;11.88;11.88;10.61;0;stock;10.5;1.08;11.88;-0.0;100.0;ESTAVEL
2015-09-14;1442188800000;PINE3.SA;11.88;11.88;11.88;11.88;10.61;0;stock;10.5;1.07;11.88;-0.0;100.0;ESTAVEL
2015-09-15;1442275200000;PINE3.SA;11.88;11.88;11.88;11.88;10.61;0;stock;10.5;1.06;11.88;-0.0;100.0;ESTAVEL
2015-09-16;1442361600000;PINE3.SA;11.88;11.88;11.88;11.88;10.61;0;stock;10.5;1.05;11.88;-0.0;100.0;ESTAVEL
2015-09-17;1442448000000;PINE3.SA;11.88;11.88;11.88;11.88;10.61;0;stock;10.5;1.04;11.88;-0.0;100.0;ESTAVEL
2015-09-18;1442534400000;PINE3.SA;11.88;11.88;11.88;11.88;10.61;0;stock;10.5;1.03;11.88;-0.0;100.0;ESTAVEL
2015-09-21;1442793600000;PINE3.SA;11.88;11.88;11.88;11.88;10.61;0;stock;10.5;1.02;11.88;-0.0;100.0;ESTAVEL
2015-09-22;1442880000000;PINE3.SA;11.88;11.88;11.88;11.88;10.61;0;stock;10.5;1.01;11.88;-0.0;100.0;ESTAVEL
2015-09-23;1442966400000;PINE3.SA;11.88;11.88;11.88;11.88;10.61;0;stock;10.51;1.0;11.88;-0.0;100.0;ESTAVEL
2015-09-24;1443052800000;PINE3.SA;11.88;11.88;11.88;11.88;10.61;0;stock;10.51;0.99;11.88;-0.0;100.0;ESTAVEL
2015-09-25;1443139200000;PINE3.SA;11.88;11.88;11.88;11.88;10.61;0;stock;10.51;0.98;11.88;-0.0;100.0;ESTAVEL
2015-09-28;1443398400000;PINE3.SA;11.88;11.88;11.88;11.88;10.61;0;stock;10.51;0.97;11.88;-0.0;100.0;ESTAVEL
2015-09-29;1443484800000;PINE3.SA;11.88;11.88;11.88;11.88;10.61;0;stock;10.51;0.96;11.88;-0.0;100.0;ESTAVEL
2015-09-30;1443571200000;PINE3.SA;11.88;11.88;11.88;11.88;10.61;0;stock;10.51;0.95;11.88;-0.0;100.0;ESTAVEL
2015-10-01;1443657600000;PINE3.SA;11.88;11.88;11.88;11.88;10.73;0;stock;10.51;2.07;11.88;-0.0;100.0;ESTAVEL
2015-10-02;1443744000000;PINE3.SA;11.88;11.88;11.88;11.88;10.73;0;stock;10.51;2.05;11.88;-0.0;100.0;ESTAVEL
2015-10-05;1444003200000;PINE3.SA;11.88;11.88;11.88;11.88;10.73;0;stock;10.52;2.03;11.88;-0.0;100.0;ESTAVEL
2015-10-06;1444089600000;PINE3.SA;11.88;11.88;11.88;11.88;10.73;0;stock;10.52;2.01;11.88;-0.0;100.0;ESTAVEL
2015-10-07;1444176000000;PINE3.SA;11.88;11.88;11.88;11.88;10.73;0;stock;10.52;1.99;11.88;-0.0;100.0;ESTAVEL
2015-10-08;1444262400000;PINE3.SA;11.88;11.88;11.88;11.88;10.73;0;stock;10.52;1.97;11.88;-0.0;100.0;ESTAVEL
2015-10-09;1444348800000;PINE3.SA;11.88;11.88;11.88;11.88;10.73;0;stock;10.53;1.95;11.88;-0.0;100.0;ESTAVEL
2015-10-13;1444694400000;PINE3.SA;11.88;11.88;11.88;11.88;10.73;0;stock;10.53;1.93;11.88;-0.0;100.0;ESTAVEL
2015-10-14;1444780800000;PINE3.SA;11.88;11.88;11.88;11.88;10.73;0;stock;10.53;1.91;11.88;-0.0;100.0;ESTAVEL
2015-10-15;1444867200000;PINE3.SA;11.88;11.88;11.88;11.88;10.73;0;stock;10.53;1.89;11.88;-0.0;100.0;ESTAVEL
2015-10-16;1444953600000;PINE3.SA;11.88;11.88;11.88;11.88;10.73;0;stock;10.53;1.87;11.88;-0.0;100.0;ESTAVEL
2015-10-19;1445212800000;PINE3.SA;11.88;11.88;11.88;11.88;10.73;0;stock;10.54;1.85;11.88;-0.0;100.0;ESTAVEL
2015-10-20;1445299200000;PINE3.SA;11.88;11.88;11.88;11.88;10.73;0;stock;10.54;1.83;11.88;-0.0;100.0;ESTAVEL
2015-10-21;1445385600000;PINE3.SA;11.88;11.88;11.88;11.88;10.73;0;stock;10.54;1.81;11.88;-0.0;100.0;ESTAVEL
2015-10-22;1445472000000;PINE3.SA;11.88;11.88;11.88;11.88;10.73;0;stock;10.54;1.79;11.88;-0.0;100.0;ESTAVEL
2015-10-23;1445558400000;PINE3.SA;11.88;11.88;11.88;11.88;10.73;0;stock;10.54;1.78;11.88;-0.0;100.0;ESTAVEL
2015-10-26;1445817600000;PINE3.SA;11.88;11.88;11.88;11.88;10.73;0;stock;10.54;1.76;11.88;-0.0;100.0;ESTAVEL
2015-10-27;1445904000000;PINE3.SA;11.88;11.88;11.88;11.88;10.73;0;stock;10.55;1.74;11.88;-0.0;100.0;ESTAVEL
2015-10-28;1445990400000;PINE3.SA;11.88;11.88;11.88;11.88;10.73;0;stock;10.55;1.72;11.88;-0.0;100.0;ESTAVEL
2015-10-29;1446076800000;PINE3.SA;11.88;11.88;11.88;11.88;10.73;0;stock;10.55;1.71;11.88;-0.0;100.0;ESTAVEL
2015-10-30;1446163200000;PINE3.SA;11.88;11.88;11.88;11.88;10.73;0;stock;10.55;1.69;11.88;-0.0;100.0;ESTAVEL
2015-11-03;1446508800000;PINE3.SA;11.88;11.88;11.88;11.88;10.73;0;stock;10.55;1.67;11.88;-0.0;100.0;ESTAVEL
2015-11-04;1446595200000;PINE3.SA;11.88;11.88;11.88;11.88;10.73;0;stock;10.56;1.65;11.88;-0.0;100.0;ESTAVEL
2015-11-05;1446681600000;PINE3.SA;11.88;11.88;11.88;11.88;10.73;0;stock;10.56;1.64;11.88;-0.0;100.0;ESTAVEL
2015-11-06;1446768000000;PINE3.SA;11.88;11.88;11.88;11.88;10.73;0;stock;10.56;1.62;11.88;-0.0;100.0;ESTAVEL
2015-11-09;1447027200000;PINE3.SA;11.88;11.88;11.88;11.88;10.73;0;stock;10.56;1.6;11.88;-0.0;100.0;ESTAVEL
2015-11-10;1447113600000;PINE3.SA;11.88;11.88;11.88;11.88;10.73;0;stock;10.56;1.59;11.88;-0.0;100.0;ESTAVEL
2015-11-11;1447200000000;PINE3.SA;11.88;11.88;11.88;11.88;10.73;0;stock;10.56;1.57;11.88;-0.0;100.0;ESTAVEL
2015-11-12;1447286400000;PINE3.SA;11.88;11.88;11.88;11.88;10.73;0;stock;10.57;1.56;11.88;-0.0;100.0;ESTAVEL
2015-11-13;1447372800000;PINE3.SA;11.88;11.88;11.88;11.88;10.73;0;stock;10.57;1.54;11.88;-0.0;100.0;ESTAVEL
2015-11-16;1447632000000;PINE3.SA;11.88;11.88;11.88;11.88;10.73;0;stock;10.57;1.52;11.88;-0.0;100.0;ESTAVEL
2015-11-17;1447718400000;PINE3.SA;11.88;11.88;11.88;11.88;10.73;0;stock;10.57;1.51;11.88;-0.0;100.0;ESTAVEL
2015-11-18;1447804800000;PINE3.SA;11.88;11.88;11.88;11.88;10.73;0;stock;10.57;1.49;11.88;-0.0;100.0;ESTAVEL
2015-11-19;1447891200000;PINE3.SA;11.88;11.88;11.88;11.88;10.73;0;stock;10.57;1.48;11.88;-0.0;100.0;ESTAVEL
2015-11-23;1448236800000;PINE3.SA;11.88;11.88;11.88;11.88;10.73;0;stock;10.58;1.46;11.88;-0.0;100.0;ESTAVEL
2015-11-24;1448323200000;PINE3.SA;11.88;11.88;11.88;11.88;10.73;0;stock;10.58;1.45;11.88;-0.0;100.0;ESTAVEL
2015-11-25;1448409600000;PINE3.SA;11.88;11.88;11.88;11.88;10.73;0;stock;10.58;1.43;11.88;-0.0;100.0;ESTAVEL
2015-11-26;1448496000000;PINE3.SA;11.88;11.88;11.88;11.88;10.73;0;stock;10.58;1.42;11.88;-0.0;100.0;ESTAVEL
2015-11-27;1448582400000;PINE3.SA;11.88;11.88;11.88;11.88;10.73;0;stock;10.58;1.41;11.88;-0.0;100.0;ESTAVEL
2015-11-30;1448841600000;PINE3.SA;11.88;11.88;11.88;11.88;10.73;0;stock;10.58;1.39;11.88;-0.0;100.0;ESTAVEL
2015-12-01;1448928000000;PINE3.SA;11.88;11.88;11.88;11.88;10.73;0;stock;10.58;1.38;11.88;-0.0;100.0;ESTAVEL
2015-12-02;1449014400000;PINE3.SA;11.88;11.88;11.88;11.88;10.73;0;stock;10.59;1.36;11.88;-0.0;100.0;ESTAVEL
2015-12-03;1449100800000;PINE3.SA;11.88;11.88;11.88;11.88;10.73;0;stock;10.59;1.35;11.88;-0.0;100.0;ESTAVEL
2015-12-04;1449187200000;PINE3.SA;11.88;11.88;11.88;11.88;10.73;0;stock;10.59;1.34;11.88;-0.0;100.0;ESTAVEL
2015-12-07;1449446400000;PINE3.SA;11.88;11.88;11.88;11.88;10.73;0;stock;10.59;1.32;11.88;-0.0;100.0;ESTAVEL
2015-12-08;1449532800000;PINE3.SA;11.88;11.88;11.88;11.88;10.73;0;stock;10.59;1.31;11.88;-0.0;100.0;ESTAVEL
2015-12-09;1449619200000;PINE3.SA;11.88;11.88;11.88;11.88;10.73;0;stock;10.59;1.3;11.88;-0.0;100.0;ESTAVEL
2015-12-10;1449705600000;PINE3.SA;11.88;11.88;11.88;11.88;10.73;0;stock;10.59;1.28;11.88;-0.0;100.0;ESTAVEL
2015-12-11;1449792000000;PINE3.SA;11.88;11.88;11.88;11.88;10.73;0;stock;10.6;1.27;11.88;-0.0;100.0;ESTAVEL
2015-12-14;1450051200000;PINE3.SA;11.88;11.88;11.88;11.88;10.73;0;stock;10.6;1.26;11.88;-0.0;100.0;ESTAVEL
2015-12-15;1450137600000;PINE3.SA;11.88;11.88;11.88;11.88;10.73;0;stock;10.6;1.24;11.88;-0.0;100.0;ESTAVEL
2015-12-16;1450224000000;PINE3.SA;11.88;11.88;11.88;11.88;10.73;0;stock;10.6;1.23;11.88;-0.0;100.0;ESTAVEL
2015-12-17;1450310400000;PINE3.SA;11.88;11.88;11.88;11.88;10.73;0;stock;10.6;1.22;11.88;-0.0;100.0;ESTAVEL
2015-12-18;1450396800000;PINE3.SA;11.88;11.88;11.88;11.88;10.73;0;stock;10.6;1.21;11.88;-0.0;100.0;ESTAVEL
2015-12-21;1450656000000;PINE3.SA;11.88;11.88;11.88;11.88;10.73;0;stock;10.6;1.2;11.88;-0.0;100.0;ESTAVEL
2015-12-22;1450742400000;PINE3.SA;11.88;11.88;11.88;11.88;10.73;0;stock;10.6;1.18;11.88;-0.0;100.0;ESTAVEL
2015-12-23;1450828800000;PINE3.SA;11.88;11.88;11.88;11.88;10.73;0;stock;10.61;1.17;11.88;-0.0;100.0;ESTAVEL
2015-12-28;1451260800000;PINE3.SA;11.88;11.88;11.88;11.88;10.73;0;stock;10.61;1.16;11.88;-0.0;100.0;ESTAVEL
2015-12-29;1451347200000;PINE3.SA;11.88;11.88;11.88;11.88;10.73;0;stock;10.61;1.15;11.88;-0.0;100.0;ESTAVEL
2015-12-30;1451433600000;PINE3.SA;11.88;11.88;11.88;11.88;10.73;0;stock;10.61;1.14;11.88;-0.0;100.0;ESTAVEL
2016-01-04;1451865600000;PINE3.SA;11.88;11.88;11.88;11.88;10.73;0;stock;10.61;1.12;11.88;-0.0;100.0;ESTAVEL
2016-01-05;1451952000000;PINE3.SA;11.88;11.88;11.88;11.88;10.86;0;stock;10.61;2.33;11.88;-0.0;100.0;ESTAVEL
2016-01-06;1452038400000;PINE3.SA;11.88;11.88;11.88;11.88;10.86;0;stock;10.62;2.3;11.88;-0.0;100.0;ESTAVEL
2016-01-07;1452124800000;PINE3.SA;11.88;11.88;11.88;11.88;10.86;0;stock;10.62;2.28;11.88;-0.0;100.0;ESTAVEL
2016-01-08;1452211200000;PINE3.SA;11.88;11.88;11.88;11.88;10.86;0;stock;10.62;2.26;11.88;-0.0;100.0;ESTAVEL
2016-01-11;1452470400000;PINE3.SA;11.88;11.88;11.88;11.88;10.86;0;stock;10.62;2.23;11.88;-0.0;100.0;ESTAVEL
2016-01-12;1452556800000;PINE3.SA;11.88;11.88;11.88;11.88;10.86;0;stock;10.63;2.21;11.88;-0.0;100.0;ESTAVEL
2016-01-13;1452643200000;PINE3.SA;11.88;11.88;11.88;11.88;10.86;0;stock;10.63;2.19;11.88;-0.0;100.0;ESTAVEL
2016-01-14;1452729600000;PINE3.SA;11.88;11.88;11.88;11.88;10.86;0;stock;10.63;2.17;11.88;-0.0;100.0;ESTAVEL
2016-01-15;1452816000000;PINE3.SA;11.88;11.88;11.88;11.88;10.86;0;stock;10.63;2.14;11.88;-0.0;100.0;ESTAVEL
2016-01-18;1453075200000;PINE3.SA;11.88;11.88;11.88;11.88;10.86;0;stock;10.63;2.12;11.88;-0.0;100.0;ESTAVEL
2016-01-19;1453161600000;PINE3.SA;11.88;11.88;11.88;11.88;10.86;0;stock;10.64;2.1;11.88;-0.0;100.0;ESTAVEL
2016-01-20;1453248000000;PINE3.SA;11.88;11.88;11.88;11.88;10.86;0;stock;10.64;2.08;11.88;-0.0;100.0;ESTAVEL
2016-01-21;1453334400000;PINE3.SA;11.88;11.88;11.88;11.88;10.86;0;stock;10.64;2.06;11.88;-0.0;100.0;ESTAVEL
2016-01-22;1453420800000;PINE3.SA;11.88;11.88;11.88;11.88;10.86;0;stock;10.64;2.04;11.88;-0.0;100.0;ESTAVEL
2016-01-26;1453766400000;PINE3.SA;11.88;11.88;11.88;11.88;10.86;0;stock;10.65;2.02;11.88;-0.0;100.0;ESTAVEL
2016-01-27;1453852800000;PINE3.SA;11.88;11.88;11.88;11.88;10.86;0;stock;10.65;2.0;11.88;-0.0;100.0;ESTAVEL
2016-01-28;1453939200000;PINE3.SA;11.88;11.88;11.88;11.88;10.86;0;stock;10.65;1.98;11.88;-0.0;100.0;ESTAVEL
2016-01-29;1454025600000;PINE3.SA;11.88;11.88;11.88;11.88;10.86;0;stock;10.65;1.96;11.88;-0.0;100.0;ESTAVEL
2016-02-01;1454284800000;PINE3.SA;11.88;11.88;11.88;11.88;10.86;0;stock;10.65;1.94;11.88;-0.0;100.0;ESTAVEL
2016-02-02;1454371200000;PINE3.SA;11.88;11.88;11.88;11.88;10.86;0;stock;10.66;1.92;11.88;-0.0;100.0;ESTAVEL
2016-02-03;1454457600000;PINE3.SA;11.88;11.88;11.88;11.88;10.86;0;stock;10.66;1.9;11.88;-0.0;100.0;ESTAVEL
2016-02-04;1454544000000;PINE3.SA;11.88;11.88;11.88;11.88;10.86;0;stock;10.66;1.88;11.88;-0.0;100.0;ESTAVEL
2016-02-05;1454630400000;PINE3.SA;11.88;11.88;11.88;11.88;10.86;0;stock;10.66;1.86;11.88;-0.0;100.0;ESTAVEL
2016-02-10;1455062400000;PINE3.SA;11.88;11.88;11.88;11.88;10.86;0;stock;10.66;1.84;11.88;-0.0;100.0;ESTAVEL
2016-02-11;1455148800000;PINE3.SA;11.88;11.88;11.88;11.88;10.86;0;stock;10.67;1.82;11.88;-0.0;100.0;ESTAVEL
2016-02-12;1455235200000;PINE3.SA;11.88;11.88;11.88;11.88;10.86;0;stock;10.67;1.8;11.88;-0.0;100.0;ESTAVEL
2016-02-15;1455494400000;PINE3.SA;11.88;11.88;11.88;11.88;10.86;0;stock;10.67;1.78;11.88;-0.0;100.0;ESTAVEL
2016-02-16;1455580800000;PINE3.SA;11.88;11.88;11.88;11.88;10.86;0;stock;10.67;1.77;11.88;-0.0;100.0;ESTAVEL
2016-02-17;1455667200000;PINE3.SA;11.88;11.88;11.88;11.88;10.86;0;stock;10.67;1.75;11.88;-0.0;100.0;ESTAVEL
2016-02-18;1455753600000;PINE3.SA;11.88;11.88;11.88;11.88;10.86;0;stock;10.68;1.73;11.88;-0.0;100.0;ESTAVEL
2016-02-19;1455840000000;PINE3.SA;11.88;11.88;11.88;11.88;10.86;0;stock;10.68;1.71;11.88;-0.0;100.0;ESTAVEL
2016-02-22;1456099200000;PINE3.SA;11.88;11.88;11.88;11.88;10.86;0;stock;10.68;1.7;11.88;-0.0;100.0;ESTAVEL
2016-02-23;1456185600000;PINE3.SA;11.88;11.88;11.88;11.88;10.86;0;stock;10.68;1.68;11.88;-0.0;100.0;ESTAVEL
2016-02-24;1456272000000;PINE3.SA;11.88;11.88;11.88;11.88;10.86;0;stock;10.68;1.66;11.88;-0.0;100.0;ESTAVEL
2016-02-25;1456358400000;PINE3.SA;11.88;11.88;11.88;11.88;10.86;0;stock;10.68;1.64;11.88;-0.0;100.0;ESTAVEL
2016-02-26;1456444800000;PINE3.SA;11.88;11.88;11.88;11.88;10.86;0;stock;10.69;1.63;11.88;-0.0;100.0;ESTAVEL
2016-02-29;1456704000000;PINE3.SA;11.88;11.88;11.88;11.88;10.86;0;stock;10.69;1.61;11.88;-0.0;100.0;ESTAVEL
2016-03-01;1456790400000;PINE3.SA;11.88;11.88;11.88;11.88;10.86;0;stock;10.69;1.59;11.88;-0.0;100.0;ESTAVEL
2016-03-02;1456876800000;PINE3.SA;11.88;11.88;11.88;11.88;10.86;0;stock;10.69;1.58;11.88;-0.0;100.0;ESTAVEL
2016-03-03;1456963200000;PINE3.SA;11.88;11.88;11.88;11.88;10.86;0;stock;10.69;1.56;11.88;-0.0;100.0;ESTAVEL
2016-03-04;1457049600000;PINE3.SA;11.88;11.88;11.88;11.88;10.86;0;stock;10.69;1.55;11.88;-0.0;100.0;ESTAVEL
2016-03-07;1457308800000;PINE3.SA;11.88;11.88;11.88;11.88;10.86;0;stock;10.7;1.53;11.88;-0.0;100.0;ESTAVEL
2016-03-08;1457395200000;PINE3.SA;11.88;11.88;11.88;11.88;10.86;0;stock;10.7;1.52;11.88;-0.0;100.0;ESTAVEL
2016-03-09;1457481600000;PINE3.SA;11.88;11.88;11.88;11.88;10.86;0;stock;10.7;1.5;11.88;-0.0;100.0;ESTAVEL
2016-03-10;1457568000000;PINE3.SA;11.88;11.88;11.88;11.88;10.86;0;stock;10.7;1.49;11.88;-0.0;100.0;ESTAVEL
2016-03-11;1457654400000;PINE3.SA;11.88;11.88;11.88;11.88;10.86;0;stock;10.7;1.47;11.88;-0.0;100.0;ESTAVEL
2016-03-14;1457913600000;PINE3.SA;11.88;11.88;11.88;11.88;10.86;0;stock;10.7;1.46;11.88;-0.0;100.0;ESTAVEL
2016-03-15;1458000000000;PINE3.SA;11.88;11.88;11.88;11.88;10.86;0;stock;10.71;1.44;11.88;-0.0;100.0;ESTAVEL
2016-03-16;1458086400000;PINE3.SA;11.88;11.88;11.88;11.88;10.86;0;stock;10.71;1.43;11.88;-0.0;100.0;ESTAVEL
2016-03-17;1458172800000;PINE3.SA;11.88;11.88;11.88;11.88;10.86;0;stock;10.71;1.41;11.88;-0.0;100.0;ESTAVEL
2016-03-18;1458259200000;PINE3.SA;11.88;11.88;11.88;11.88;10.86;0;stock;10.71;1.4;11.88;-0.0;100.0;ESTAVEL
2016-03-21;1458518400000;PINE3.SA;11.88;11.88;11.88;11.88;10.86;0;stock;10.71;1.38;11.88;-0.0;100.0;ESTAVEL
2016-03-22;1458604800000;PINE3.SA;11.88;11.88;11.88;11.88;10.86;0;stock;10.71;1.37;11.88;-0.0;100.0;ESTAVEL
2016-03-23;1458691200000;PINE3.SA;11.88;11.88;11.88;11.88;10.86;0;stock;10.71;1.36;11.88;-0.0;100.0;ESTAVEL
2016-03-24;1458777600000;PINE3.SA;11.88;11.88;11.88;11.88;10.86;0;stock;10.72;1.34;11.88;-0.0;100.0;ESTAVEL
2016-03-28;1459123200000;PINE3.SA;11.88;11.88;11.88;11.88;10.86;0;stock;10.72;1.33;11.88;-0.0;100.0;ESTAVEL
2016-03-29;1459209600000;PINE3.SA;11.88;11.88;11.88;11.88;10.86;0;stock;10.72;1.32;11.88;-0.0;100.0;ESTAVEL
2016-03-30;1459296000000;PINE3.SA;11.88;11.88;11.88;11.88;10.86;0;stock;10.72;1.3;11.88;-0.0;100.0;ESTAVEL
2016-03-31;1459382400000;PINE3.SA;11.88;11.88;11.88;11.88;10.86;0;stock;10.72;1.29;11.88;-0.0;100.0;ESTAVEL
2016-04-01;1459468800000;PINE3.SA;11.88;11.88;11.88;11.88;10.97;0;stock;10.72;2.29;11.88;-0.0;100.0;ESTAVEL
2016-04-04;1459728000000;PINE3.SA;11.88;11.88;11.88;11.88;10.97;0;stock;10.73;2.27;11.88;-0.0;100.0;ESTAVEL
2016-04-05;1459814400000;PINE3.SA;11.88;11.88;11.88;11.88;10.97;0;stock;10.73;2.24;11.88;-0.0;100.0;ESTAVEL
2016-04-06;1459900800000;PINE3.SA;11.88;11.88;11.88;11.88;10.97;0;stock;10.73;2.22;11.88;-0.0;100.0;ESTAVEL
2016-04-07;1459987200000;PINE3.SA;11.88;11.88;11.88;11.88;10.97;0;stock;10.73;2.2;11.88;-0.0;100.0;ESTAVEL
2016-04-08;1460073600000;PINE3.SA;11.88;11.88;11.88;11.88;10.97;0;stock;10.74;2.18;11.88;-0.0;100.0;ESTAVEL
2016-04-11;1460332800000;PINE3.SA;11.88;11.88;11.88;11.88;10.97;0;stock;10.74;2.15;11.88;-0.0;100.0;ESTAVEL
2016-04-12;1460419200000;PINE3.SA;11.88;11.88;11.88;11.88;10.97;0;stock;10.74;2.13;11.88;-0.0;100.0;ESTAVEL
2016-04-13;1460505600000;PINE3.SA;11.88;11.88;11.88;11.88;10.97;0;stock;10.74;2.11;11.88;-0.0;100.0;ESTAVEL
2016-04-14;1460592000000;PINE3.SA;11.88;11.88;11.88;11.88;10.97;0;stock;10.75;2.09;11.88;-0.0;100.0;ESTAVEL
2016-04-15;1460678400000;PINE3.SA;11.88;11.88;11.88;11.88;10.97;0;stock;10.75;2.07;11.88;-0.0;100.0;ESTAVEL
2016-04-18;1460937600000;PINE3.SA;11.88;11.88;11.88;11.88;10.97;0;stock;10.75;2.05;11.88;-0.0;100.0;ESTAVEL
2016-04-19;1461024000000;PINE3.SA;11.88;11.88;11.88;11.88;10.97;0;stock;10.75;2.03;11.88;-0.0;100.0;ESTAVEL
2016-04-20;1461110400000;PINE3.SA;11.88;11.88;11.88;11.88;10.97;0;stock;10.75;2.01;11.88;-0.0;100.0;ESTAVEL
2016-04-22;1461283200000;PINE3.SA;11.88;11.88;11.88;11.88;10.97;0;stock;10.76;1.99;11.88;-0.0;100.0;ESTAVEL
2016-04-25;1461542400000;PINE3.SA;11.88;11.88;11.88;11.88;10.97;0;stock;10.76;1.97;11.88;-0.0;100.0;ESTAVEL
2016-04-26;1461628800000;PINE3.SA;11.88;11.88;11.88;11.88;10.97;0;stock;10.76;1.95;11.88;-0.0;100.0;ESTAVEL
2016-04-27;1461715200000;PINE3.SA;11.88;11.88;11.88;11.88;10.97;0;stock;10.76;1.93;11.88;-0.0;100.0;ESTAVEL
2016-04-28;1461801600000;PINE3.SA;11.88;11.88;11.88;11.88;10.97;0;stock;10.76;1.91;11.88;-0.0;100.0;ESTAVEL
2016-04-29;1461888000000;PINE3.SA;11.88;11.88;11.88;11.88;10.97;0;stock;10.77;1.89;11.88;-0.0;100.0;ESTAVEL
2016-05-02;1462147200000;PINE3.SA;11.88;11.88;11.88;11.88;10.97;0;stock;10.77;1.87;11.88;-0.0;100.0;ESTAVEL
2016-05-03;1462233600000;PINE3.SA;11.88;11.88;11.88;11.88;10.97;0;stock;10.77;1.85;11.88;-0.0;100.0;ESTAVEL
2016-05-04;1462320000000;PINE3.SA;11.88;11.88;11.88;11.88;10.97;0;stock;10.77;1.83;11.88;-0.0;100.0;ESTAVEL
2016-05-05;1462406400000;PINE3.SA;11.88;11.88;11.88;11.88;10.97;0;stock;10.77;1.81;11.88;-0.0;100.0;ESTAVEL
2016-05-06;1462492800000;PINE3.SA;11.88;11.88;11.88;11.88;10.97;0;stock;10.78;1.79;11.88;-0.0;100.0;ESTAVEL
2016-05-09;1462752000000;PINE3.SA;11.88;11.88;11.88;11.88;10.97;0;stock;10.78;1.78;11.88;-0.0;100.0;ESTAVEL
2016-05-10;1462838400000;PINE3.SA;11.88;11.88;11.88;11.88;10.97;0;stock;10.78;1.76;11.88;-0.0;100.0;ESTAVEL
2016-05-11;1462924800000;PINE3.SA;11.88;11.88;11.88;11.88;10.97;0;stock;10.78;1.74;11.88;-0.0;100.0;ESTAVEL
2016-05-12;1463011200000;PINE3.SA;11.88;11.88;11.88;11.88;10.97;0;stock;10.78;1.72;11.88;-0.0;100.0;ESTAVEL
2016-05-13;1463097600000;PINE3.SA;11.88;11.88;11.88;11.88;10.97;0;stock;10.79;1.7;11.88;-0.0;100.0;ESTAVEL
2016-05-16;1463356800000;PINE3.SA;11.88;11.88;11.88;11.88;10.97;0;stock;10.79;1.69;11.88;-0.0;100.0;ESTAVEL
2016-05-17;1463443200000;PINE3.SA;11.88;11.88;11.88;11.88;10.97;0;stock;10.79;1.67;11.88;-0.0;100.0;ESTAVEL
2016-05-18;1463529600000;PINE3.SA;11.88;11.88;11.88;11.88;10.97;0;stock;10.79;1.65;11.88;-0.0;100.0;ESTAVEL
2016-05-19;1463616000000;PINE3.SA;11.88;11.88;11.88;11.88;10.97;0;stock;10.79;1.64;11.88;-0.0;100.0;ESTAVEL
2016-05-20;1463702400000;PINE3.SA;11.88;11.88;11.88;11.88;10.97;0;stock;10.8;1.62;11.88;-0.0;100.0;ESTAVEL
2016-05-23;1463961600000;PINE3.SA;11.88;11.88;11.88;11.88;10.97;0;stock;10.8;1.6;11.88;-0.0;100.0;ESTAVEL
2016-05-24;1464048000000;PINE3.SA;11.88;11.88;11.88;11.88;10.97;0;stock;10.8;1.59;11.88;-0.0;100.0;ESTAVEL
2016-05-25;1464134400000;PINE3.SA;11.88;11.88;11.88;11.88;10.97;0;stock;10.8;1.57;11.88;-0.0;100.0;ESTAVEL
2016-05-27;1464307200000;PINE3.SA;11.88;11.88;11.88;11.88;10.97;0;stock;10.8;1.56;11.88;-0.0;100.0;ESTAVEL
2016-05-30;1464566400000;PINE3.SA;11.88;11.88;11.88;11.88;10.97;0;stock;10.8;1.54;11.88;-0.0;100.0;ESTAVEL
2016-05-31;1464652800000;PINE3.SA;11.88;11.88;11.88;11.88;10.97;0;stock;10.81;1.52;11.88;-0.0;100.0;ESTAVEL
2016-06-01;1464739200000;PINE3.SA;11.88;11.88;11.88;11.88;10.97;0;stock;10.81;1.51;11.88;-0.0;100.0;ESTAVEL
2016-06-02;1464825600000;PINE3.SA;11.88;11.88;11.88;11.88;10.97;0;stock;10.81;1.49;11.88;-0.0;100.0;ESTAVEL
2016-06-03;1464912000000;PINE3.SA;11.88;11.88;11.88;11.88;10.97;0;stock;10.81;1.48;11.88;-0.0;100.0;ESTAVEL
2016-06-06;1465171200000;PINE3.SA;11.88;11.88;11.88;11.88;10.97;0;stock;10.81;1.46;11.88;-0.0;100.0;ESTAVEL
2016-06-07;1465257600000;PINE3.SA;11.88;11.88;11.88;11.88;10.97;0;stock;10.81;1.45;11.88;-0.0;100.0;ESTAVEL
2016-06-08;1465344000000;PINE3.SA;11.88;11.88;11.88;11.88;10.97;0;stock;10.81;1.43;11.88;-0.0;100.0;ESTAVEL
2016-06-09;1465430400000;PINE3.SA;11.88;11.88;11.88;11.88;10.97;0;stock;10.82;1.42;11.88;-0.0;100.0;ESTAVEL
2016-06-10;1465516800000;PINE3.SA;11.88;11.88;11.88;11.88;10.97;0;stock;10.82;1.41;11.88;-0.0;100.0;ESTAVEL
2016-06-13;1465776000000;PINE3.SA;11.88;11.88;11.88;11.88;10.97;0;stock;10.82;1.39;11.88;-0.0;100.0;ESTAVEL
2016-06-14;1465862400000;PINE3.SA;11.88;11.88;11.88;11.88;10.97;0;stock;10.82;1.38;11.88;-0.0;100.0;ESTAVEL
2016-06-15;1465948800000;PINE3.SA;11.88;11.88;11.88;11.88;10.97;0;stock;10.82;1.36;11.88;-0.0;100.0;ESTAVEL
2016-06-16;1466035200000;PINE3.SA;11.88;11.88;11.88;11.88;10.97;0;stock;10.82;1.35;11.88;-0.0;100.0;ESTAVEL
2016-06-17;1466121600000;PINE3.SA;11.88;11.88;11.88;11.88;10.97;0;stock;10.83;1.34;11.88;-0.0;100.0;ESTAVEL
2016-06-20;1466380800000;PINE3.SA;11.88;11.88;11.88;11.88;10.97;0;stock;10.83;1.32;11.88;-0.0;100.0;ESTAVEL
2016-06-21;1466467200000;PINE3.SA;11.88;11.88;11.88;11.88;10.97;0;stock;10.83;1.31;11.88;-0.0;100.0;ESTAVEL
2016-06-22;1466553600000;PINE3.SA;11.88;11.88;11.88;11.88;10.97;0;stock;10.83;1.3;11.88;-0.0;100.0;ESTAVEL
2016-06-23;1466640000000;PINE3.SA;11.88;11.88;11.88;11.88;10.97;0;stock;10.83;1.28;11.88;-0.0;100.0;ESTAVEL
2016-06-24;1466726400000;PINE3.SA;11.88;11.88;11.88;11.88;10.97;0;stock;10.83;1.27;11.88;-0.0;100.0;ESTAVEL
2016-06-27;1466985600000;PINE3.SA;11.88;11.88;11.88;11.88;10.97;0;stock;10.83;1.26;11.88;-0.0;100.0;ESTAVEL
2016-06-28;1467072000000;PINE3.SA;11.88;11.88;11.88;11.88;10.97;0;stock;10.84;1.24;11.88;-0.0;100.0;ESTAVEL
2016-06-29;1467158400000;PINE3.SA;11.88;11.88;11.88;11.88;10.97;0;stock;10.84;1.23;11.88;-0.0;100.0;ESTAVEL
2016-06-30;1467244800000;PINE3.SA;11.88;11.88;11.88;11.88;10.97;0;stock;10.84;1.22;11.88;-0.0;100.0;ESTAVEL
2016-07-01;1467331200000;PINE3.SA;11.88;11.88;11.88;11.88;11.01;0;stock;10.84;1.57;11.88;-0.0;100.0;ESTAVEL
2016-07-04;1467590400000;PINE3.SA;11.88;11.88;11.88;11.88;11.01;0;stock;10.84;1.56;11.88;-0.0;100.0;ESTAVEL
2016-07-05;1467676800000;PINE3.SA;11.88;11.88;11.88;11.88;11.01;0;stock;10.84;1.54;11.88;-0.0;100.0;ESTAVEL
2016-07-06;1467763200000;PINE3.SA;11.88;11.88;11.88;11.88;11.01;0;stock;10.84;1.53;11.88;-0.0;100.0;ESTAVEL
2016-07-07;1467849600000;PINE3.SA;11.88;11.88;11.88;11.88;11.01;0;stock;10.85;1.51;11.88;-0.0;100.0;ESTAVEL
2016-07-08;1467936000000;PINE3.SA;11.88;11.88;11.88;11.88;11.01;0;stock;10.85;1.49;11.88;-0.0;100.0;ESTAVEL
2016-07-11;1468195200000;PINE3.SA;11.88;11.88;11.88;11.88;11.01;0;stock;10.85;1.48;11.88;-0.0;100.0;ESTAVEL
2016-07-12;1468281600000;PINE3.SA;11.88;11.88;11.88;11.88;11.01;0;stock;10.85;1.46;11.88;-0.0;100.0;ESTAVEL
2016-07-13;1468368000000;PINE3.SA;11.88;11.88;11.88;11.88;11.01;0;stock;10.85;1.45;11.88;-0.0;100.0;ESTAVEL
2016-07-14;1468454400000;PINE3.SA;11.88;11.88;11.88;11.88;11.01;0;stock;10.85;1.44;11.88;-0.0;100.0;ESTAVEL
2016-07-15;1468540800000;PINE3.SA;11.88;11.88;11.88;11.88;11.01;0;stock;10.86;1.42;11.88;-0.0;100.0;ESTAVEL
2016-07-18;1468800000000;PINE3.SA;11.88;11.88;11.88;11.88;11.01;0;stock;10.86;1.41;11.88;-0.0;100.0;ESTAVEL
2016-07-19;1468886400000;PINE3.SA;11.88;11.88;11.88;11.88;11.01;0;stock;10.86;1.39;11.88;-0.0;100.0;ESTAVEL
2016-07-20;1468972800000;PINE3.SA;11.88;11.88;11.88;11.88;11.01;0;stock;10.86;1.38;11.88;-0.0;100.0;ESTAVEL
2016-07-21;1469059200000;PINE3.SA;11.88;11.88;11.88;11.88;11.01;0;stock;10.86;1.36;11.88;-0.0;100.0;ESTAVEL
2016-07-22;1469145600000;PINE3.SA;11.88;11.88;11.88;11.88;11.01;0;stock;10.86;1.35;11.88;-0.0;100.0;ESTAVEL
2016-07-25;1469404800000;PINE3.SA;11.88;11.88;11.88;11.88;11.01;0;stock;10.86;1.34;11.88;-0.0;100.0;ESTAVEL
2016-07-26;1469491200000;PINE3.SA;11.88;11.88;11.88;11.88;11.01;0;stock;10.87;1.32;11.88;-0.0;100.0;ESTAVEL
2016-07-27;1469577600000;PINE3.SA;11.88;11.88;11.88;11.88;11.01;0;stock;10.87;1.31;11.88;-0.0;100.0;ESTAVEL
2016-07-28;1469664000000;PINE3.SA;11.88;11.88;11.88;11.88;11.01;0;stock;10.87;1.3;11.88;-0.0;100.0;ESTAVEL
2016-07-29;1469750400000;PINE3.SA;11.88;11.88;11.88;11.88;11.01;0;stock;10.87;1.28;11.88;-0.0;100.0;ESTAVEL
2016-08-01;1470009600000;PINE3.SA;11.88;11.88;11.88;11.88;11.01;0;stock;10.87;1.27;11.88;-0.0;100.0;ESTAVEL
2016-08-02;1470096000000;PINE3.SA;11.88;11.88;11.88;11.88;11.01;0;stock;10.87;1.26;11.88;-0.0;100.0;ESTAVEL
2016-08-03;1470182400000;PINE3.SA;11.88;11.88;11.88;11.88;11.01;0;stock;10.87;1.25;11.88;-0.0;100.0;ESTAVEL
2016-08-04;1470268800000;PINE3.SA;11.88;11.88;11.88;11.88;11.01;0;stock;10.88;1.23;11.88;-0.0;100.0;ESTAVEL
2016-08-05;1470355200000;PINE3.SA;11.88;11.88;11.88;11.88;11.01;0;stock;10.88;1.22;11.88;-0.0;100.0;ESTAVEL
2016-08-08;1470614400000;PINE3.SA;11.88;11.88;11.88;11.88;11.01;0;stock;10.88;1.21;11.88;-0.0;100.0;ESTAVEL
2016-08-09;1470700800000;PINE3.SA;11.88;11.88;11.88;11.88;11.01;0;stock;10.88;1.2;11.88;-0.0;100.0;ESTAVEL
2016-08-10;1470787200000;PINE3.SA;11.88;11.88;11.88;11.88;11.01;0;stock;10.88;1.18;11.88;-0.0;100.0;ESTAVEL
2016-08-11;1470873600000;PINE3.SA;11.88;11.88;11.88;11.88;11.01;0;stock;10.88;1.17;11.88;-0.0;100.0;ESTAVEL
2016-08-12;1470960000000;PINE3.SA;11.88;11.88;11.88;11.88;11.01;0;stock;10.88;1.16;11.88;-0.0;100.0;ESTAVEL
2016-08-15;1471219200000;PINE3.SA;11.88;11.88;11.88;11.88;11.01;0;stock;10.88;1.15;11.88;-0.0;100.0;ESTAVEL
2016-08-16;1471305600000;PINE3.SA;11.88;11.88;11.88;11.88;11.01;0;stock;10.89;1.14;11.88;-0.0;100.0;ESTAVEL
2016-08-17;1471392000000;PINE3.SA;11.88;11.88;11.88;11.88;11.01;0;stock;10.89;1.13;11.88;-0.0;100.0;ESTAVEL
2016-08-18;1471478400000;PINE3.SA;11.88;11.88;11.88;11.88;11.01;0;stock;10.89;1.11;11.88;-0.0;100.0;ESTAVEL
2016-08-19;1471564800000;PINE3.SA;11.88;11.88;11.88;11.88;11.01;0;stock;10.89;1.1;11.88;-0.0;100.0;ESTAVEL
2016-08-22;1471824000000;PINE3.SA;11.88;11.88;11.88;11.88;11.01;0;stock;10.89;1.09;11.88;-0.0;100.0;ESTAVEL
2016-08-23;1471910400000;PINE3.SA;11.88;11.88;11.88;11.88;11.01;0;stock;10.89;1.08;11.88;-0.0;100.0;ESTAVEL
2016-08-24;1471996800000;PINE3.SA;11.88;11.88;11.88;11.88;11.01;0;stock;10.89;1.07;11.88;-0.0;100.0;ESTAVEL
2016-08-25;1472083200000;PINE3.SA;11.88;11.88;11.88;11.88;11.01;0;stock;10.89;1.06;11.88;-0.0;100.0;ESTAVEL
2016-08-26;1472169600000;PINE3.SA;11.88;11.88;11.88;11.88;11.01;0;stock;10.9;1.05;11.88;-0.0;100.0;ESTAVEL
2016-08-29;1472428800000;PINE3.SA;11.88;11.88;11.88;11.88;11.01;0;stock;10.9;1.04;11.88;-0.0;100.0;ESTAVEL
2016-08-30;1472515200000;PINE3.SA;11.88;11.88;11.88;11.88;11.01;0;stock;10.9;1.03;11.88;-0.0;100.0;ESTAVEL
2016-08-31;1472601600000;PINE3.SA;11.88;11.88;11.88;11.88;11.01;0;stock;10.9;1.02;11.88;-0.0;100.0;ESTAVEL
2016-09-01;1472688000000;PINE3.SA;11.88;11.88;11.88;11.88;11.01;0;stock;10.9;1.01;11.88;-0.0;100.0;ESTAVEL
2016-09-02;1472774400000;PINE3.SA;11.88;11.88;11.88;11.88;11.01;0;stock;10.9;1.0;11.88;-0.0;100.0;ESTAVEL
2016-09-05;1473033600000;PINE3.SA;11.88;11.88;11.88;11.88;11.01;0;stock;10.9;0.99;11.88;-0.0;100.0;ESTAVEL
2016-09-06;1473120000000;PINE3.SA;11.88;11.88;11.88;11.88;11.01;0;stock;10.9;0.98;11.88;-0.0;100.0;ESTAVEL
2016-09-08;1473292800000;PINE3.SA;11.88;11.88;11.88;11.88;11.01;0;stock;10.9;0.97;11.88;-0.0;100.0;ESTAVEL
2016-09-09;1473379200000;PINE3.SA;11.88;11.88;11.88;11.88;11.01;0;stock;10.91;0.96;11.88;-0.0;100.0;ESTAVEL
2016-09-12;1473638400000;PINE3.SA;11.88;11.88;11.88;11.88;11.01;0;stock;10.91;0.95;11.88;-0.0;100.0;ESTAVEL
2016-09-13;1473724800000;PINE3.SA;11.88;11.88;11.88;11.88;11.01;0;stock;10.91;0.94;11.88;-0.0;100.0;ESTAVEL
2016-09-14;1473811200000;PINE3.SA;11.88;11.88;11.88;11.88;11.01;0;stock;10.91;0.93;11.88;-0.0;100.0;ESTAVEL
2016-09-15;1473897600000;PINE3.SA;11.88;11.88;11.88;11.88;11.01;0;stock;10.91;0.92;11.88;-0.0;100.0;ESTAVEL
2016-09-16;1473984000000;PINE3.SA;11.88;11.88;11.88;11.88;11.01;0;stock;10.91;0.91;11.88;-0.0;100.0;ESTAVEL
2016-09-19;1474243200000;PINE3.SA;11.88;11.88;11.88;11.88;11.01;0;stock;10.91;0.9;11.88;-0.0;100.0;ESTAVEL
2016-09-20;1474329600000;PINE3.SA;11.88;11.88;11.88;11.88;11.01;0;stock;10.91;0.89;11.88;-0.0;100.0;ESTAVEL
2016-09-21;1474416000000;PINE3.SA;11.88;11.88;11.88;11.88;11.01;0;stock;10.91;0.88;11.88;-0.0;100.0;ESTAVEL
2016-09-22;1474502400000;PINE3.SA;11.88;11.88;11.88;11.88;11.01;0;stock;10.91;0.87;11.88;-0.0;100.0;ESTAVEL
2016-09-23;1474588800000;PINE3.SA;11.88;11.88;11.88;11.88;11.01;0;stock;10.92;0.87;11.88;-0.0;100.0;ESTAVEL
2016-09-26;1474848000000;PINE3.SA;11.88;11.88;11.88;11.88;11.01;0;stock;10.92;0.86;11.88;-0.0;100.0;ESTAVEL
2016-09-27;1474934400000;PINE3.SA;11.88;11.88;11.88;11.88;11.01;0;stock;10.92;0.85;11.88;-0.0;100.0;ESTAVEL
2016-09-28;1475020800000;PINE3.SA;11.88;11.88;11.88;11.88;11.01;0;stock;10.92;0.84;11.88;-0.0;100.0;ESTAVEL
2016-09-29;1475107200000;PINE3.SA;11.88;11.88;11.88;11.88;11.01;0;stock;10.92;0.83;11.88;-0.0;100.0;ESTAVEL
2016-09-30;1475193600000;PINE3.SA;11.88;11.88;11.88;11.88;11.01;0;stock;10.92;0.82;11.88;-0.0;100.0;ESTAVEL
2016-10-03;1475452800000;PINE3.SA;11.88;11.88;11.88;11.88;11.01;0;stock;10.92;0.81;11.88;-0.0;100.0;ESTAVEL
2016-10-04;1475539200000;PINE3.SA;11.88;11.88;11.88;11.88;11.01;0;stock;10.92;0.81;11.88;-0.0;100.0;ESTAVEL
2016-10-05;1475625600000;PINE3.SA;11.88;11.88;11.88;11.88;11.01;0;stock;10.92;0.8;11.88;-0.0;100.0;ESTAVEL
2016-10-06;1475712000000;PINE3.SA;11.88;11.88;11.88;11.88;11.01;0;stock;10.92;0.79;11.88;-0.0;100.0;ESTAVEL
2016-10-07;1475798400000;PINE3.SA;11.88;11.88;11.88;11.88;11.01;0;stock;10.92;0.78;11.88;-0.0;100.0;ESTAVEL
2016-10-10;1476057600000;PINE3.SA;11.88;11.88;11.88;11.88;11.01;0;stock;10.93;0.77;11.88;-0.0;100.0;ESTAVEL
2016-10-11;1476144000000;PINE3.SA;11.88;11.88;11.88;11.88;11.01;0;stock;10.93;0.77;11.88;-0.0;100.0;ESTAVEL
2016-10-13;1476316800000;PINE3.SA;11.88;11.88;11.88;11.88;11.01;0;stock;10.93;0.76;11.88;-0.0;100.0;ESTAVEL
2016-10-14;1476403200000;PINE3.SA;11.88;11.88;11.88;11.88;11.01;0;stock;10.93;0.75;11.88;-0.0;100.0;ESTAVEL
2016-10-17;1476662400000;PINE3.SA;11.88;11.88;11.88;11.88;11.01;0;stock;10.93;0.74;11.88;-0.0;100.0;ESTAVEL
2016-10-18;1476748800000;PINE3.SA;11.88;11.88;11.88;11.88;11.01;0;stock;10.93;0.74;11.88;-0.0;100.0;ESTAVEL
2016-10-19;1476835200000;PINE3.SA;11.88;11.88;11.88;11.88;11.01;0;stock;10.93;0.73;11.88;-0.0;100.0;ESTAVEL
2016-10-20;1476921600000;PINE3.SA;11.88;11.88;11.88;11.88;11.01;0;stock;10.93;0.72;11.88;-0.0;100.0;ESTAVEL
2016-10-21;1477008000000;PINE3.SA;11.88;11.88;11.88;11.88;11.01;0;stock;10.93;0.71;11.88;-0.0;100.0;ESTAVEL
2016-10-24;1477267200000;PINE3.SA;11.88;11.88;11.88;11.88;11.01;0;stock;10.93;0.71;11.88;-0.0;100.0;ESTAVEL
2016-10-25;1477353600000;PINE3.SA;11.88;11.88;11.88;11.88;11.01;0;stock;10.93;0.7;11.88;-0.0;100.0;ESTAVEL
2016-10-26;1477440000000;PINE3.SA;11.88;11.88;11.88;11.88;11.01;0;stock;10.93;0.69;11.88;-0.0;100.0;ESTAVEL
2016-10-27;1477526400000;PINE3.SA;11.88;11.88;11.88;11.88;11.01;0;stock;10.93;0.69;11.88;-0.0;100.0;ESTAVEL
2016-10-28;1477612800000;PINE3.SA;11.88;11.88;11.88;11.88;11.01;0;stock;10.94;0.68;11.88;-0.0;100.0;ESTAVEL
2016-10-31;1477872000000;PINE3.SA;11.88;11.88;11.88;11.88;11.01;0;stock;10.94;0.67;11.88;-0.0;100.0;ESTAVEL
2016-11-01;1477958400000;PINE3.SA;11.88;11.88;11.88;11.88;11.01;0;stock;10.94;0.67;11.88;-0.0;100.0;ESTAVEL
2016-11-03;1478131200000;PINE3.SA;11.88;11.88;11.88;11.88;11.01;0;stock;10.94;0.66;11.88;-0.0;100.0;ESTAVEL
2016-11-04;1478217600000;PINE3.SA;11.88;11.88;11.88;11.88;11.01;0;stock;10.94;0.65;11.88;-0.0;100.0;ESTAVEL
2016-11-07;1478476800000;PINE3.SA;11.88;11.88;11.88;11.88;11.01;0;stock;10.94;0.65;11.88;-0.0;100.0;ESTAVEL
2016-11-08;1478563200000;PINE3.SA;11.88;11.88;11.88;11.88;11.01;0;stock;10.94;0.64;11.88;-0.0;100.0;ESTAVEL
2016-11-09;1478649600000;PINE3.SA;11.88;11.88;11.88;11.88;11.01;0;stock;10.94;0.63;11.88;-0.0;100.0;ESTAVEL
2016-11-10;1478736000000;PINE3.SA;11.88;11.88;11.88;11.88;11.01;0;stock;10.94;0.63;11.88;-0.0;100.0;ESTAVEL
2016-11-11;1478822400000;PINE3.SA;11.88;11.88;11.88;11.88;11.01;0;stock;10.94;0.62;11.88;-0.0;100.0;ESTAVEL
2016-11-14;1479081600000;PINE3.SA;11.88;11.88;11.88;11.88;11.01;0;stock;10.94;0.61;11.88;-0.0;100.0;ESTAVEL
2016-11-16;1479254400000;PINE3.SA;11.88;11.88;11.88;11.88;11.01;0;stock;10.94;0.61;11.88;-0.0;100.0;ESTAVEL
2016-11-17;1479340800000;PINE3.SA;11.88;11.88;11.88;11.88;11.01;0;stock;10.94;0.6;11.88;-0.0;100.0;ESTAVEL
2016-11-18;1479427200000;PINE3.SA;11.88;11.88;11.88;11.88;11.01;0;stock;10.94;0.6;11.88;-0.0;100.0;ESTAVEL
2016-11-21;1479686400000;PINE3.SA;11.88;11.88;11.88;11.88;11.01;0;stock;10.95;0.59;11.88;-0.0;100.0;ESTAVEL
2016-11-22;1479772800000;PINE3.SA;11.88;11.88;11.88;11.88;11.01;0;stock;10.95;0.58;11.88;-0.0;100.0;ESTAVEL
2016-11-23;1479859200000;PINE3.SA;11.88;11.88;11.88;11.88;11.01;0;stock;10.95;0.58;11.88;-0.0;100.0;ESTAVEL
2016-11-24;1479945600000;PINE3.SA;11.88;11.88;11.88;11.88;11.01;0;stock;10.95;0.57;11.88;-0.0;100.0;ESTAVEL
2016-11-25;1480032000000;PINE3.SA;11.88;11.88;11.88;11.88;11.01;0;stock;10.95;0.57;11.88;-0.0;100.0;ESTAVEL
2016-11-28;1480291200000;PINE3.SA;11.88;11.88;11.88;11.88;11.01;0;stock;10.95;0.56;11.88;-0.0;100.0;ESTAVEL
2016-11-29;1480377600000;PINE3.SA;11.88;11.88;11.88;11.88;11.01;0;stock;10.95;0.56;11.88;-0.0;100.0;ESTAVEL
2016-11-30;1480464000000;PINE3.SA;11.88;11.88;11.88;11.88;11.01;0;stock;10.95;0.55;11.88;-0.0;100.0;ESTAVEL
2016-12-01;1480550400000;PINE3.SA;11.88;11.88;11.88;11.88;11.01;0;stock;10.95;0.54;11.88;-0.0;100.0;ESTAVEL
2016-12-02;1480636800000;PINE3.SA;11.88;11.88;11.88;11.88;11.01;0;stock;10.95;0.54;11.88;-0.0;100.0;ESTAVEL
2016-12-05;1480896000000;PINE3.SA;11.88;11.88;11.88;11.88;11.01;0;stock;10.95;0.53;11.88;-0.0;100.0;ESTAVEL
2016-12-06;1480982400000;PINE3.SA;11.88;11.88;11.88;11.88;11.01;0;stock;10.95;0.53;11.88;-0.0;100.0;ESTAVEL
2016-12-07;1481068800000;PINE3.SA;11.88;11.88;11.88;11.88;11.01;0;stock;10.95;0.52;11.88;-0.0;100.0;ESTAVEL
2016-12-08;1481155200000;PINE3.SA;11.88;11.88;11.88;11.88;11.01;0;stock;10.95;0.52;11.88;-0.0;100.0;ESTAVEL
2016-12-09;1481241600000;PINE3.SA;11.88;11.88;11.88;11.88;11.01;0;stock;10.95;0.51;11.88;-0.0;100.0;ESTAVEL
2016-12-12;1481500800000;PINE3.SA;11.88;11.88;11.88;11.88;11.01;0;stock;10.95;0.51;11.88;-0.0;100.0;ESTAVEL
2016-12-13;1481587200000;PINE3.SA;11.88;11.88;11.88;11.88;11.01;0;stock;10.95;0.5;11.88;-0.0;100.0;ESTAVEL
2016-12-14;1481673600000;PINE3.SA;11.88;11.88;11.88;11.88;11.01;0;stock;10.96;0.5;11.88;-0.0;100.0;ESTAVEL
2016-12-15;1481760000000;PINE3.SA;11.88;11.88;11.88;11.88;11.01;0;stock;10.96;0.49;11.88;-0.0;100.0;ESTAVEL
2016-12-16;1481846400000;PINE3.SA;11.88;11.88;11.88;11.88;11.01;0;stock;10.96;0.49;11.88;-0.0;100.0;ESTAVEL
2016-12-19;1482105600000;PINE3.SA;11.88;11.88;11.88;11.88;11.01;0;stock;10.96;0.48;11.88;-0.0;100.0;ESTAVEL
2016-12-20;1482192000000;PINE3.SA;11.88;11.88;11.88;11.88;11.01;0;stock;10.96;0.48;11.88;-0.0;100.0;ESTAVEL
2016-12-21;1482278400000;PINE3.SA;11.88;11.88;11.88;11.88;11.01;0;stock;10.96;0.47;11.88;-0.0;100.0;ESTAVEL
2016-12-22;1482364800000;PINE3.SA;11.88;11.88;11.88;11.88;11.01;0;stock;10.96;0.47;11.88;-0.0;100.0;ESTAVEL
2016-12-23;1482451200000;PINE3.SA;11.88;11.88;11.88;11.88;11.01;0;stock;10.96;0.46;11.88;-0.0;100.0;ESTAVEL
2016-12-26;1482710400000;PINE3.SA;11.88;11.88;11.88;11.88;11.01;0;stock;10.96;0.46;11.88;-0.0;100.0;ESTAVEL
2016-12-27;1482796800000;PINE3.SA;11.88;11.88;11.88;11.88;11.01;0;stock;10.96;0.45;11.88;-0.0;100.0;ESTAVEL
2016-12-28;1482883200000;PINE3.SA;11.88;11.88;11.88;11.88;11.01;0;stock;10.96;0.45;11.88;-0.0;100.0;ESTAVEL
2016-12-29;1482969600000;PINE3.SA;11.88;11.88;11.88;11.88;11.01;0;stock;10.96;0.45;11.88;-0.0;100.0;ESTAVEL
2017-01-02;1483315200000;PINE3.SA;11.88;11.88;11.88;11.88;11.01;0;stock;10.96;0.44;11.88;-0.0;100.0;ESTAVEL
2017-01-03;1483401600000;PINE3.SA;11.88;11.88;11.88;11.88;11.01;0;stock;10.96;0.44;11.88;-0.0;100.0;ESTAVEL
2017-01-04;1483488000000;PINE3.SA;11.88;11.88;11.88;11.88;11.01;0;stock;10.96;0.43;11.88;-0.0;100.0;ESTAVEL
2017-01-05;1483574400000;PINE3.SA;11.88;11.88;11.88;11.88;11.01;0;stock;10.96;0.43;11.88;-0.0;100.0;ESTAVEL
2017-01-06;1483660800000;PINE3.SA;11.88;11.88;11.88;11.88;11.01;0;stock;10.96;0.42;11.88;-0.0;100.0;ESTAVEL
2017-01-09;1483920000000;PINE3.SA;11.88;11.88;11.88;11.88;11.01;0;stock;10.96;0.42;11.88;-0.0;100.0;ESTAVEL
2017-01-10;1484006400000;PINE3.SA;11.88;11.88;11.88;11.88;11.01;0;stock;10.96;0.42;11.88;-0.0;100.0;ESTAVEL
2017-01-11;1484092800000;PINE3.SA;11.88;11.88;11.88;11.88;11.01;0;stock;10.96;0.41;11.88;-0.0;100.0;ESTAVEL
2017-01-12;1484179200000;PINE3.SA;11.88;11.88;11.88;11.88;11.01;0;stock;10.97;0.41;11.88;-0.0;100.0;ESTAVEL
2017-01-13;1484265600000;PINE3.SA;11.88;11.88;11.88;11.88;11.01;0;stock;10.97;0.4;11.88;-0.0;100.0;ESTAVEL
2017-01-16;1484524800000;PINE3.SA;11.88;11.88;11.88;11.88;11.01;0;stock;10.97;0.4;11.88;-0.0;100.0;ESTAVEL
2017-01-17;1484611200000;PINE3.SA;11.88;11.88;11.88;11.88;11.01;0;stock;10.97;0.39;11.88;-0.0;100.0;ESTAVEL
2017-01-18;1484697600000;PINE3.SA;11.88;11.88;11.88;11.88;11.01;0;stock;10.97;0.39;11.88;-0.0;100.0;ESTAVEL
2017-01-19;1484784000000;PINE3.SA;11.88;11.88;11.88;11.88;11.01;0;stock;10.97;0.39;11.88;-0.0;100.0;ESTAVEL
2017-01-20;1484870400000;PINE3.SA;11.88;11.88;11.88;11.88;11.01;0;stock;10.97;0.38;11.88;-0.0;100.0;ESTAVEL
2017-01-23;1485129600000;PINE3.SA;11.88;11.88;11.88;11.88;11.01;0;stock;10.97;0.38;11.88;-0.0;100.0;ESTAVEL
2017-01-24;1485216000000;PINE3.SA;11.88;11.88;11.88;11.88;11.01;0;stock;10.97;0.38;11.88;-0.0;100.0;ESTAVEL
2017-01-26;1485388800000;PINE3.SA;11.88;11.88;11.88;11.88;11.01;0;stock;10.97;0.37;11.88;-0.0;100.0;ESTAVEL
2017-01-27;1485475200000;PINE3.SA;11.88;11.88;11.88;11.88;11.01;0;stock;10.97;0.37;11.88;-0.0;100.0;ESTAVEL
2017-01-30;1485734400000;PINE3.SA;11.88;11.88;11.88;11.88;11.01;0;stock;10.97;0.36;11.88;-0.0;100.0;ESTAVEL
2017-01-31;1485820800000;PINE3.SA;11.88;11.88;11.88;11.88;11.01;0;stock;10.97;0.36;11.88;-0.0;100.0;ESTAVEL
2017-02-01;1485907200000;PINE3.SA;11.88;11.88;11.88;11.88;11.01;0;stock;10.97;0.36;11.88;-0.0;100.0;ESTAVEL
2017-02-02;1485993600000;PINE3.SA;11.88;11.88;11.88;11.88;11.01;0;stock;10.97;0.35;11.88;-0.0;100.0;ESTAVEL
2017-02-03;1486080000000;PINE3.SA;11.88;11.88;11.88;11.88;11.01;0;stock;10.97;0.35;11.88;-0.0;100.0;ESTAVEL
2017-02-06;1486339200000;PINE3.SA;11.88;11.88;11.88;11.88;11.01;0;stock;10.97;0.35;11.88;-0.0;100.0;ESTAVEL
2017-02-07;1486425600000;PINE3.SA;11.88;11.88;11.88;11.88;11.01;0;stock;10.97;0.34;11.88;-0.0;100.0;ESTAVEL
2017-02-08;1486512000000;PINE3.SA;11.88;11.88;11.88;11.88;11.01;0;stock;10.97;0.34;11.88;-0.0;100.0;ESTAVEL
2017-02-09;1486598400000;PINE3.SA;11.88;11.88;11.88;11.88;11.01;0;stock;10.97;0.34;11.88;-0.0;100.0;ESTAVEL
2017-02-10;1486684800000;PINE3.SA;11.88;11.88;11.88;11.88;11.01;0;stock;10.97;0.33;11.88;-0.0;100.0;ESTAVEL
2017-02-13;1486944000000;PINE3.SA;11.88;11.88;11.88;11.88;11.01;0;stock;10.97;0.33;11.88;-0.0;100.0;ESTAVEL
2017-02-14;1487030400000;PINE3.SA;11.88;11.88;11.88;11.88;11.01;0;stock;10.97;0.33;11.88;-0.0;100.0;ESTAVEL
2017-02-15;1487116800000;PINE3.SA;11.88;11.88;11.88;11.88;11.01;0;stock;10.97;0.32;11.88;-0.0;100.0;ESTAVEL
2017-02-16;1487203200000;PINE3.SA;11.88;11.88;11.88;11.88;11.01;0;stock;10.97;0.32;11.88;-0.0;100.0;ESTAVEL
2017-02-17;1487289600000;PINE3.SA;11.88;11.88;11.88;11.88;11.01;0;stock;10.98;0.32;11.88;-0.0;100.0;ESTAVEL
2017-02-20;1487548800000;PINE3.SA;11.88;11.88;11.88;11.88;11.01;0;stock;10.98;0.31;11.88;-0.0;100.0;ESTAVEL
2017-02-21;1487635200000;PINE3.SA;11.88;11.88;11.88;11.88;11.01;0;stock;10.98;0.31;11.88;-0.0;100.0;ESTAVEL
2017-02-22;1487721600000;PINE3.SA;11.88;11.88;11.88;11.88;11.01;0;stock;10.98;0.31;11.88;-0.0;100.0;ESTAVEL
2017-02-23;1487808000000;PINE3.SA;11.88;11.88;11.88;11.88;11.01;0;stock;10.98;0.3;11.88;-0.0;100.0;ESTAVEL
2017-02-24;1487894400000;PINE3.SA;11.88;11.88;11.88;11.88;11.01;0;stock;10.98;0.3;11.88;-0.0;100.0;ESTAVEL
2017-03-01;1488326400000;PINE3.SA;11.88;11.88;11.88;11.88;11.01;0;stock;10.98;0.3;11.88;-0.0;100.0;ESTAVEL
2017-03-02;1488412800000;PINE3.SA;11.88;11.88;11.88;11.88;11.01;0;stock;10.98;0.3;11.88;-0.0;100.0;ESTAVEL
2017-03-03;1488499200000;PINE3.SA;11.88;11.88;11.88;11.88;11.01;0;stock;10.98;0.29;11.88;-0.0;100.0;ESTAVEL
2017-03-06;1488758400000;PINE3.SA;11.88;11.88;11.88;11.88;11.01;0;stock;10.98;0.29;11.88;-0.0;100.0;ESTAVEL
2017-03-07;1488844800000;PINE3.SA;11.88;11.88;11.88;11.88;11.01;0;stock;10.98;0.29;11.88;-0.0;100.0;ESTAVEL
2017-03-08;1488931200000;PINE3.SA;11.88;11.88;11.88;11.88;11.01;0;stock;10.98;0.28;11.88;-0.0;100.0;ESTAVEL
2017-03-09;1489017600000;PINE3.SA;11.88;11.88;11.88;11.88;11.01;0;stock;10.98;0.28;11.88;-0.0;100.0;ESTAVEL
2017-03-10;1489104000000;PINE3.SA;11.88;11.88;11.88;11.88;11.01;0;stock;10.98;0.28;11.88;-0.0;100.0;ESTAVEL
2017-03-13;1489363200000;PINE3.SA;11.88;11.88;11.88;11.88;11.01;0;stock;10.98;0.28;11.88;-0.0;100.0;ESTAVEL
2017-03-14;1489449600000;PINE3.SA;11.88;11.88;11.88;11.88;11.01;0;stock;10.98;0.27;11.88;-0.0;100.0;ESTAVEL
2017-03-15;1489536000000;PINE3.SA;11.88;11.88;11.88;11.88;11.01;0;stock;10.98;0.27;11.88;-0.0;100.0;ESTAVEL
2017-03-16;1489622400000;PINE3.SA;11.88;11.88;11.88;11.88;11.01;0;stock;10.98;0.27;11.88;-0.0;100.0;ESTAVEL
2017-03-17;1489708800000;PINE3.SA;11.88;11.88;11.88;11.88;11.01;0;stock;10.98;0.26;11.88;-0.0;100.0;ESTAVEL
2017-03-20;1489968000000;PINE3.SA;11.88;11.88;11.88;11.88;11.01;0;stock;10.98;0.26;11.88;-0.0;100.0;ESTAVEL
2017-03-21;1490054400000;PINE3.SA;11.88;11.88;11.88;11.88;11.01;0;stock;10.98;0.26;11.88;-0.0;100.0;ESTAVEL
2017-03-22;1490140800000;PINE3.SA;11.88;11.88;11.88;11.88;11.01;0;stock;10.98;0.26;11.88;-0.0;100.0;ESTAVEL
2017-03-23;1490227200000;PINE3.SA;11.88;11.88;11.88;11.88;11.01;0;stock;10.98;0.25;11.88;-0.0;100.0;ESTAVEL
2017-03-24;1490313600000;PINE3.SA;11.88;11.88;11.88;11.88;11.01;0;stock;10.98;0.25;11.88;-0.0;100.0;ESTAVEL
2017-03-27;1490572800000;PINE3.SA;11.88;11.88;11.88;11.88;11.01;0;stock;10.98;0.25;11.88;-0.0;100.0;ESTAVEL
2017-03-28;1490659200000;PINE3.SA;11.88;11.88;11.88;11.88;11.01;0;stock;10.98;0.25;11.88;-0.0;100.0;ESTAVEL
2017-03-29;1490745600000;PINE3.SA;11.88;11.88;11.88;11.88;11.01;0;stock;10.98;0.24;11.88;-0.0;100.0;ESTAVEL
2017-03-30;1490832000000;PINE3.SA;11.88;11.88;11.88;11.88;11.01;0;stock;10.98;0.24;11.88;-0.0;100.0;ESTAVEL
2017-03-31;1490918400000;PINE3.SA;11.88;11.88;11.88;11.88;11.01;0;stock;10.98;0.24;11.88;-0.0;100.0;ESTAVEL
2017-04-03;1491177600000;PINE3.SA;11.88;11.88;11.88;11.88;11.01;0;stock;10.98;0.24;11.88;-0.0;100.0;ESTAVEL
2017-04-04;1491264000000;PINE3.SA;11.88;11.88;11.88;11.88;11.01;0;stock;10.98;0.23;11.88;-0.0;100.0;ESTAVEL
2017-04-05;1491350400000;PINE3.SA;11.88;11.88;11.88;11.88;11.01;0;stock;10.98;0.23;11.88;-0.0;100.0;ESTAVEL
2017-04-06;1491436800000;PINE3.SA;11.88;11.88;11.88;11.88;11.01;0;stock;10.98;0.23;11.88;-0.0;100.0;ESTAVEL
2017-04-07;1491523200000;PINE3.SA;11.88;11.88;11.88;11.88;11.01;0;stock;10.99;0.23;11.88;-0.0;100.0;ESTAVEL
2017-04-10;1491782400000;PINE3.SA;11.88;11.88;11.88;11.88;11.01;0;stock;10.99;0.23;11.88;-0.0;100.0;ESTAVEL
2017-04-11;1491868800000;PINE3.SA;11.88;11.88;11.88;11.88;11.01;0;stock;10.99;0.22;11.88;-0.0;100.0;ESTAVEL
2017-04-12;1491955200000;PINE3.SA;11.88;11.88;11.88;11.88;11.01;0;stock;10.99;0.22;11.88;-0.0;100.0;ESTAVEL
2017-04-13;1492041600000;PINE3.SA;11.88;11.88;11.88;11.88;11.01;0;stock;10.99;0.22;11.88;-0.0;100.0;ESTAVEL
2017-04-17;1492387200000;PINE3.SA;11.88;11.88;11.88;11.88;11.01;0;stock;10.99;0.22;11.88;-0.0;100.0;ESTAVEL
2017-04-18;1492473600000;PINE3.SA;11.88;11.88;11.88;11.88;11.01;0;stock;10.99;0.21;11.88;-0.0;100.0;ESTAVEL
2017-04-19;1492560000000;PINE3.SA;11.88;11.88;11.88;11.88;11.01;0;stock;10.99;0.21;11.88;-0.0;100.0;ESTAVEL
2017-04-20;1492646400000;PINE3.SA;11.88;11.88;11.88;11.88;11.01;0;stock;10.99;0.21;11.88;-0.0;100.0;ESTAVEL
2017-04-24;1492992000000;PINE3.SA;11.88;11.88;11.88;11.88;11.01;0;stock;10.99;0.21;11.88;-0.0;100.0;ESTAVEL
2017-04-25;1493078400000;PINE3.SA;11.88;11.88;11.88;11.88;11.01;0;stock;10.99;0.21;11.88;-0.0;100.0;ESTAVEL
2017-04-26;1493164800000;PINE3.SA;11.88;11.88;11.88;11.88;11.01;0;stock;10.99;0.2;11.88;-0.0;100.0;ESTAVEL
2017-04-27;1493251200000;PINE3.SA;11.88;11.88;11.88;11.88;11.01;0;stock;10.99;0.2;11.88;-0.0;100.0;ESTAVEL
2017-04-28;1493337600000;PINE3.SA;11.88;11.88;11.88;11.88;11.01;0;stock;10.99;0.2;11.88;-0.0;100.0;ESTAVEL
2017-05-02;1493683200000;PINE3.SA;11.88;11.88;11.88;11.88;11.01;0;stock;10.99;0.2;11.88;-0.0;100.0;ESTAVEL
2017-05-03;1493769600000;PINE3.SA;11.88;11.88;11.88;11.88;11.01;0;stock;10.99;0.2;11.88;-0.0;100.0;ESTAVEL
2017-05-04;1493856000000;PINE3.SA;11.88;11.88;11.88;11.88;11.01;0;stock;10.99;0.19;11.88;-0.0;100.0;ESTAVEL
2017-05-05;1493942400000;PINE3.SA;11.88;11.88;11.88;11.88;11.01;0;stock;10.99;0.19;11.88;-0.0;100.0;ESTAVEL
2017-05-08;1494201600000;PINE3.SA;11.88;11.88;11.88;11.88;11.01;0;stock;10.99;0.19;11.88;-0.0;100.0;ESTAVEL
2017-05-09;1494288000000;PINE3.SA;11.88;11.88;11.88;11.88;11.01;0;stock;10.99;0.19;11.88;-0.0;100.0;ESTAVEL
2017-05-10;1494374400000;PINE3.SA;11.88;11.88;11.88;11.88;11.01;0;stock;10.99;0.19;11.88;-0.0;100.0;ESTAVEL
2017-05-11;1494460800000;PINE3.SA;11.88;11.88;11.88;11.88;11.01;0;stock;10.99;0.18;11.88;-0.0;100.0;ESTAVEL
2017-05-12;1494547200000;PINE3.SA;11.88;11.88;11.88;11.88;11.01;0;stock;10.99;0.18;11.88;-0.0;100.0;ESTAVEL
2017-05-15;1494806400000;PINE3.SA;11.88;11.88;11.88;11.88;11.01;0;stock;10.99;0.18;11.88;-0.0;100.0;ESTAVEL
2017-05-16;1494892800000;PINE3.SA;11.88;11.88;11.88;11.88;11.01;0;stock;10.99;0.18;11.88;-0.0;100.0;ESTAVEL
2017-05-17;1494979200000;PINE3.SA;11.88;11.88;11.88;11.88;11.01;0;stock;10.99;0.18;11.88;-0.0;100.0;ESTAVEL
2017-05-18;1495065600000;PINE3.SA;11.88;11.88;11.88;11.88;11.01;0;stock;10.99;0.18;11.88;-0.0;100.0;ESTAVEL
2017-05-19;1495152000000;PINE3.SA;11.88;11.88;11.88;11.88;11.01;0;stock;10.99;0.17;11.88;-0.0;100.0;ESTAVEL
2017-05-22;1495411200000;PINE3.SA;11.88;11.88;11.88;11.88;11.01;0;stock;10.99;0.17;11.88;-0.0;100.0;ESTAVEL
2017-05-23;1495497600000;PINE3.SA;11.88;11.88;11.88;11.88;11.01;0;stock;10.99;0.17;11.88;-0.0;100.0;ESTAVEL
2017-05-24;1495584000000;PINE3.SA;11.88;11.88;11.88;11.88;11.01;0;stock;10.99;0.17;11.88;-0.0;100.0;ESTAVEL
2017-05-25;1495670400000;PINE3.SA;11.88;11.88;11.88;11.88;11.01;0;stock;10.99;0.17;11.88;-0.0;100.0;ESTAVEL
2017-05-26;1495756800000;PINE3.SA;11.88;11.88;11.88;11.88;11.01;0;stock;10.99;0.17;11.88;-0.0;100.0;ESTAVEL
2017-05-29;1496016000000;PINE3.SA;11.88;11.88;11.88;11.88;11.01;0;stock;10.99;0.16;11.88;-0.0;100.0;ESTAVEL
2017-05-30;1496102400000;PINE3.SA;11.88;11.88;11.88;11.88;11.01;0;stock;10.99;0.16;11.88;-0.0;100.0;ESTAVEL
2017-05-31;1496188800000;PINE3.SA;11.88;11.88;11.88;11.88;11.01;0;stock;10.99;0.16;11.88;-0.0;100.0;ESTAVEL
2017-06-01;1496275200000;PINE3.SA;11.88;11.88;11.88;11.88;11.01;0;stock;10.99;0.16;11.88;-0.0;100.0;ESTAVEL
2017-06-02;1496361600000;PINE3.SA;11.88;11.88;11.88;11.88;11.01;0;stock;10.99;0.16;11.88;-0.0;100.0;ESTAVEL
2017-06-05;1496620800000;PINE3.SA;11.88;11.88;11.88;11.88;11.01;0;stock;10.99;0.16;11.88;-0.0;100.0;ESTAVEL
2017-06-06;1496707200000;PINE3.SA;11.88;11.88;11.88;11.88;11.01;0;stock;10.99;0.15;11.88;-0.0;100.0;ESTAVEL
2017-06-07;1496793600000;PINE3.SA;11.88;11.88;11.88;11.88;11.01;0;stock;10.99;0.15;11.88;-0.0;100.0;ESTAVEL
2017-06-08;1496880000000;PINE3.SA;11.88;11.88;11.88;11.88;11.01;0;stock;10.99;0.15;11.88;-0.0;100.0;ESTAVEL
2017-06-09;1496966400000;PINE3.SA;11.88;11.88;11.88;11.88;11.01;0;stock;10.99;0.15;11.88;-0.0;100.0;ESTAVEL
2017-06-12;1497225600000;PINE3.SA;11.88;11.88;11.88;11.88;11.01;0;stock;10.99;0.15;11.88;-0.0;100.0;ESTAVEL
2017-06-13;1497312000000;PINE3.SA;11.88;11.88;11.88;11.88;11.01;0;stock;10.99;0.15;11.88;-0.0;100.0;ESTAVEL
2017-06-14;1497398400000;PINE3.SA;11.88;11.88;11.88;11.88;11.01;0;stock;10.99;0.14;11.88;-0.0;100.0;ESTAVEL
2017-06-15;1497484800000;PINE3.SA;11.88;11.88;11.88;11.88;11.01;0;stock;10.99;0.14;11.88;-0.0;100.0;ESTAVEL
2017-06-16;1497571200000;PINE3.SA;11.88;11.88;11.88;11.88;11.01;0;stock;10.99;0.14;11.88;-0.0;100.0;ESTAVEL
2017-06-19;1497830400000;PINE3.SA;11.88;11.88;11.88;11.88;11.01;0;stock;10.99;0.14;11.88;-0.0;100.0;ESTAVEL
2017-06-20;1497916800000;PINE3.SA;11.88;11.88;11.88;11.88;11.01;0;stock;10.99;0.14;11.88;-0.0;100.0;ESTAVEL
2017-06-21;1498003200000;PINE3.SA;11.88;11.88;11.88;11.88;11.01;0;stock;10.99;0.14;11.88;-0.0;100.0;ESTAVEL
2017-06-22;1498089600000;PINE3.SA;11.88;11.88;11.88;11.88;11.01;0;stock;10.99;0.14;11.88;-0.0;100.0;ESTAVEL
2017-06-23;1498176000000;PINE3.SA;11.88;11.88;11.88;11.88;11.01;0;stock;11.0;0.14;11.88;-0.0;100.0;ESTAVEL
2017-06-26;1498435200000;PINE3.SA;11.88;11.88;11.88;11.88;11.01;0;stock;11.0;0.13;11.88;-0.0;100.0;ESTAVEL
2017-06-27;1498521600000;PINE3.SA;11.88;11.88;11.88;11.88;11.01;0;stock;11.0;0.13;11.88;-0.0;100.0;ESTAVEL
2017-06-28;1498608000000;PINE3.SA;11.88;11.88;11.88;11.88;11.01;0;stock;11.0;0.13;11.88;-0.0;100.0;ESTAVEL
2017-06-29;1498694400000;PINE3.SA;11.88;11.88;11.88;11.88;11.01;0;stock;11.0;0.13;11.88;-0.0;100.0;ESTAVEL
2017-06-30;1498780800000;PINE3.SA;11.88;11.88;11.88;11.88;11.01;0;stock;11.0;0.13;11.88;-0.0;100.0;ESTAVEL
2017-07-03;1499040000000;PINE3.SA;11.88;11.88;11.88;11.88;11.01;0;stock;11.0;0.13;11.88;-0.0;100.0;ESTAVEL
2017-07-04;1499126400000;PINE3.SA;11.88;11.88;11.88;11.88;11.01;0;stock;11.0;0.13;11.88;-0.0;100.0;ESTAVEL
2017-07-05;1499212800000;PINE3.SA;11.88;11.88;11.88;11.88;11.01;0;stock;11.0;0.12;11.88;-0.0;100.0;ESTAVEL
2017-07-06;1499299200000;PINE3.SA;11.88;11.88;11.88;11.88;11.01;0;stock;11.0;0.12;11.88;-0.0;100.0;ESTAVEL
2017-07-07;1499385600000;PINE3.SA;11.88;11.88;11.88;11.88;11.01;0;stock;11.0;0.12;11.88;-0.0;100.0;ESTAVEL
2017-07-10;1499644800000;PINE3.SA;11.88;11.88;11.88;11.88;11.01;0;stock;11.0;0.12;11.88;-0.0;100.0;ESTAVEL
2017-07-11;1499731200000;PINE3.SA;11.88;11.88;11.88;11.88;11.01;0;stock;11.0;0.12;11.88;-0.0;100.0;ESTAVEL
2017-07-12;1499817600000;PINE3.SA;11.88;11.88;11.88;11.88;11.01;0;stock;11.0;0.12;11.88;-0.0;100.0;ESTAVEL
2017-07-13;1499904000000;PINE3.SA;11.88;11.88;11.88;11.88;11.01;0;stock;11.0;0.12;11.88;-0.0;100.0;ESTAVEL
2017-07-14;1499990400000;PINE3.SA;11.88;11.88;11.88;11.88;11.01;0;stock;11.0;0.12;11.88;-0.0;100.0;ESTAVEL
2017-07-17;1500249600000;PINE3.SA;11.88;11.88;11.88;11.88;11.01;0;stock;11.0;0.12;11.88;-0.0;100.0;ESTAVEL
2017-07-18;1500336000000;PINE3.SA;11.88;11.88;11.88;11.88;11.01;0;stock;11.0;0.11;11.88;-0.0;100.0;ESTAVEL
2017-07-19;1500422400000;PINE3.SA;11.88;11.88;11.88;11.88;11.01;0;stock;11.0;0.11;11.88;-0.0;100.0;ESTAVEL
2017-07-20;1500508800000;PINE3.SA;11.88;11.88;11.88;11.88;11.01;0;stock;11.0;0.11;11.88;-0.0;100.0;ESTAVEL
2017-07-21;1500595200000;PINE3.SA;11.88;11.88;11.88;11.88;11.01;0;stock;11.0;0.11;11.88;-0.0;100.0;ESTAVEL
2017-07-24;1500854400000;PINE3.SA;11.88;11.88;11.88;11.88;11.01;0;stock;11.0;0.11;11.88;-0.0;100.0;ESTAVEL
2017-07-25;1500940800000;PINE3.SA;11.88;11.88;11.88;11.88;11.01;0;stock;11.0;0.11;11.88;-0.0;100.0;ESTAVEL
2017-07-26;1501027200000;PINE3.SA;11.88;11.88;11.88;11.88;11.01;0;stock;11.0;0.11;11.88;-0.0;100.0;ESTAVEL
2017-07-27;1501113600000;PINE3.SA;11.88;11.88;11.88;11.88;11.01;0;stock;11.0;0.11;11.88;-0.0;100.0;ESTAVEL
2017-07-28;1501200000000;PINE3.SA;11.88;11.88;11.88;11.88;11.01;0;stock;11.0;0.11;11.88;-0.0;100.0;ESTAVEL
2017-07-31;1501459200000;PINE3.SA;11.88;11.88;11.88;11.88;11.01;0;stock;11.0;0.1;11.88;-0.0;100.0;ESTAVEL
2017-08-01;1501545600000;PINE3.SA;11.88;11.88;11.88;11.88;11.01;0;stock;11.0;0.1;11.88;-0.0;100.0;ESTAVEL
2017-08-02;1501632000000;PINE3.SA;11.88;11.88;11.88;11.88;11.01;0;stock;11.0;0.1;11.88;-0.0;100.0;ESTAVEL
2017-08-03;1501718400000;PINE3.SA;11.88;11.88;11.88;11.88;11.01;0;stock;11.0;0.1;11.88;-0.0;100.0;ESTAVEL
2017-08-04;1501804800000;PINE3.SA;11.88;11.88;11.88;11.88;11.01;0;stock;11.0;0.1;11.88;-0.0;100.0;ESTAVEL
2017-08-07;1502064000000;PINE3.SA;11.88;11.88;11.88;11.88;11.01;0;stock;11.0;0.1;11.88;-0.0;100.0;ESTAVEL
2017-08-08;1502150400000;PINE3.SA;11.88;11.88;11.88;11.88;11.01;0;stock;11.0;0.1;11.88;-0.0;100.0;ESTAVEL
2017-08-09;1502236800000;PINE3.SA;11.88;11.88;11.88;11.88;11.01;0;stock;11.0;0.1;11.88;-0.0;100.0;ESTAVEL
2017-08-10;1502323200000;PINE3.SA;11.88;11.88;11.88;11.88;11.01;0;stock;11.0;0.1;11.88;-0.0;100.0;ESTAVEL
2017-08-11;1502409600000;PINE3.SA;11.88;11.88;11.88;11.88;11.01;0;stock;11.0;0.1;11.88;-0.0;100.0;ESTAVEL
2017-08-14;1502668800000;PINE3.SA;11.88;11.88;11.88;11.88;11.01;0;stock;11.0;0.09;11.88;-0.0;100.0;ESTAVEL
2017-08-15;1502755200000;PINE3.SA;11.88;11.88;11.88;11.88;11.01;0;stock;11.0;0.09;11.88;-0.0;100.0;ESTAVEL
2017-08-16;1502841600000;PINE3.SA;11.88;11.88;11.88;11.88;11.01;0;stock;11.0;0.09;11.88;-0.0;100.0;ESTAVEL
2017-08-17;1502928000000;PINE3.SA;11.88;11.88;11.88;11.88;11.01;0;stock;11.0;0.09;11.88;-0.0;100.0;ESTAVEL
2017-08-18;1503014400000;PINE3.SA;11.88;11.88;11.88;11.88;11.01;0;stock;11.0;0.09;11.88;-0.0;100.0;ESTAVEL
2017-08-21;1503273600000;PINE3.SA;11.88;11.88;11.88;11.88;11.01;0;stock;11.0;0.09;11.88;-0.0;100.0;ESTAVEL
2017-08-22;1503360000000;PINE3.SA;11.88;11.88;11.88;11.88;11.01;0;stock;11.0;0.09;11.88;-0.0;100.0;ESTAVEL
2017-08-23;1503446400000;PINE3.SA;11.88;11.88;11.88;11.88;11.01;0;stock;11.0;0.09;11.88;-0.0;100.0;ESTAVEL
2017-08-24;1503532800000;PINE3.SA;11.88;11.88;11.88;11.88;11.01;0;stock;11.0;0.09;11.88;-0.0;100.0;ESTAVEL
2017-08-25;1503619200000;PINE3.SA;11.88;11.88;11.88;11.88;11.01;0;stock;11.0;0.09;11.88;-0.0;100.0;ESTAVEL
2017-08-28;1503878400000;PINE3.SA;11.88;11.88;11.88;11.88;11.01;0;stock;11.0;0.09;11.88;-0.0;100.0;ESTAVEL
2017-08-29;1503964800000;PINE3.SA;11.88;11.88;11.88;11.88;11.01;0;stock;11.0;0.08;11.88;-0.0;100.0;ESTAVEL
2017-08-30;1504051200000;PINE3.SA;11.88;11.88;11.88;11.88;11.01;0;stock;11.0;0.08;11.88;-0.0;100.0;ESTAVEL
2017-08-31;1504137600000;PINE3.SA;11.88;11.88;11.88;11.88;11.01;0;stock;11.0;0.08;11.88;-0.0;100.0;ESTAVEL
2017-09-01;1504224000000;PINE3.SA;11.88;11.88;11.88;11.88;11.01;0;stock;11.0;0.08;11.88;-0.0;100.0;ESTAVEL
2017-09-04;1504483200000;PINE3.SA;11.88;11.88;11.88;11.88;11.01;0;stock;11.0;0.08;11.88;-0.0;100.0;ESTAVEL
2017-09-05;1504569600000;PINE3.SA;11.88;11.88;11.88;11.88;11.01;0;stock;11.0;0.08;11.88;-0.0;100.0;ESTAVEL
2017-09-06;1504656000000;PINE3.SA;11.88;11.88;11.88;11.88;11.01;0;stock;11.0;0.08;11.88;-0.0;100.0;ESTAVEL
2017-09-07;1504742400000;PINE3.SA;11.88;11.88;11.88;11.88;11.01;0;stock;11.0;0.08;11.88;-0.0;100.0;ESTAVEL
2017-09-08;1504828800000;PINE3.SA;11.88;11.88;11.88;11.88;11.01;0;stock;11.0;0.08;11.88;-0.0;100.0;ESTAVEL
2017-09-11;1505088000000;PINE3.SA;11.88;11.88;11.88;11.88;11.01;0;stock;11.0;0.08;11.88;-0.0;100.0;ESTAVEL
2017-09-12;1505174400000;PINE3.SA;11.88;11.88;11.88;11.88;11.01;0;stock;11.0;0.08;11.88;-0.0;100.0;ESTAVEL
2017-09-13;1505260800000;PINE3.SA;11.88;11.88;11.88;11.88;11.01;0;stock;11.0;0.08;11.88;-0.0;100.0;ESTAVEL
2017-09-14;1505347200000;PINE3.SA;11.88;11.88;11.88;11.88;11.01;0;stock;11.0;0.07;11.88;-0.0;100.0;ESTAVEL
2017-09-15;1505433600000;PINE3.SA;11.88;11.88;11.88;11.88;11.01;0;stock;11.0;0.07;11.88;-0.0;100.0;ESTAVEL
2017-09-18;1505692800000;PINE3.SA;11.88;11.88;11.88;11.88;11.01;0;stock;11.0;0.07;11.88;-0.0;100.0;ESTAVEL
2017-09-19;1505779200000;PINE3.SA;11.88;11.88;11.88;11.88;11.01;0;stock;11.0;0.07;11.88;-0.0;100.0;ESTAVEL
2017-09-20;1505865600000;PINE3.SA;11.88;11.88;11.88;11.88;11.01;0;stock;11.0;0.07;11.88;-0.0;100.0;ESTAVEL
2017-09-21;1505952000000;PINE3.SA;11.88;11.88;11.88;11.88;11.01;0;stock;11.0;0.07;11.88;-0.0;100.0;ESTAVEL
2017-09-22;1506038400000;PINE3.SA;11.88;11.88;11.88;11.88;11.01;0;stock;11.0;0.07;11.88;-0.0;100.0;ESTAVEL
2017-09-25;1506297600000;PINE3.SA;11.88;11.88;11.88;11.88;11.01;0;stock;11.0;0.07;11.88;-0.0;100.0;ESTAVEL
2017-09-26;1506384000000;PINE3.SA;11.88;11.88;11.88;11.88;11.01;0;stock;11.0;0.07;11.88;-0.0;100.0;ESTAVEL
2017-09-27;1506470400000;PINE3.SA;11.88;11.88;11.88;11.88;11.01;0;stock;11.0;0.07;11.88;-0.0;100.0;ESTAVEL
2017-09-28;1506556800000;PINE3.SA;11.88;11.88;11.88;11.88;11.01;0;stock;11.0;0.07;11.88;-0.0;100.0;ESTAVEL
2017-09-29;1506643200000;PINE3.SA;11.88;11.88;11.88;11.88;11.01;0;stock;11.0;0.07;11.88;-0.0;100.0;ESTAVEL
2017-10-02;1506902400000;PINE3.SA;11.88;11.88;11.88;11.88;11.01;0;stock;11.0;0.07;11.88;-0.0;100.0;ESTAVEL
2017-10-03;1506988800000;PINE3.SA;11.88;11.88;11.88;11.88;11.01;0;stock;11.0;0.07;11.88;-0.0;100.0;ESTAVEL
2017-10-04;1507075200000;PINE3.SA;11.88;11.88;11.88;11.88;11.01;0;stock;11.0;0.07;11.88;-0.0;100.0;ESTAVEL
2017-10-05;1507161600000;PINE3.SA;11.88;11.88;11.88;11.88;11.01;0;stock;11.0;0.06;11.88;-0.0;100.0;ESTAVEL
2017-10-06;1507248000000;PINE3.SA;11.88;11.88;11.88;11.88;11.01;0;stock;11.0;0.06;11.88;-0.0;100.0;ESTAVEL
2017-10-09;1507507200000;PINE3.SA;11.88;11.88;11.88;11.88;11.01;0;stock;11.0;0.06;11.88;-0.0;100.0;ESTAVEL
2017-10-10;1507593600000;PINE3.SA;11.88;11.88;11.88;11.88;11.01;0;stock;11.0;0.06;11.88;-0.0;100.0;ESTAVEL
2017-10-11;1507680000000;PINE3.SA;11.88;11.88;11.88;11.88;11.01;0;stock;11.0;0.06;11.88;-0.0;100.0;ESTAVEL
2017-10-12;1507766400000;PINE3.SA;11.88;11.88;11.88;11.88;11.01;0;stock;11.0;0.06;11.88;-0.0;100.0;ESTAVEL
2017-10-13;1507852800000;PINE3.SA;11.88;11.88;11.88;11.88;11.01;0;stock;11.0;0.06;11.88;-0.0;100.0;ESTAVEL
2017-10-16;1508112000000;PINE3.SA;11.88;11.88;11.88;11.88;11.01;0;stock;11.0;0.06;11.88;-0.0;100.0;ESTAVEL
2017-10-17;1508198400000;PINE3.SA;11.88;11.88;11.88;11.88;11.01;0;stock;11.0;0.06;11.88;-0.0;100.0;ESTAVEL
2017-10-18;1508284800000;PINE3.SA;11.88;11.88;11.88;11.88;11.01;0;stock;11.0;0.06;11.88;-0.0;100.0;ESTAVEL
2017-10-19;1508371200000;PINE3.SA;11.88;11.88;11.88;11.88;11.01;0;stock;11.0;0.06;11.88;-0.0;100.0;ESTAVEL
2017-10-20;1508457600000;PINE3.SA;11.88;11.88;11.88;11.88;11.01;0;stock;11.0;0.06;11.88;-0.0;100.0;ESTAVEL
2017-10-23;1508716800000;PINE3.SA;11.88;11.88;11.88;11.88;11.01;0;stock;11.0;0.06;11.88;-0.0;100.0;ESTAVEL
2017-10-24;1508803200000;PINE3.SA;11.88;11.88;11.88;11.88;11.01;0;stock;11.0;0.06;11.88;-0.0;100.0;ESTAVEL
2017-10-25;1508889600000;PINE3.SA;11.88;11.88;11.88;11.88;11.01;0;stock;11.0;0.06;11.88;-0.0;100.0;ESTAVEL
2017-10-26;1508976000000;PINE3.SA;11.88;11.88;11.88;11.88;11.01;0;stock;11.0;0.06;11.88;-0.0;100.0;ESTAVEL
2017-10-27;1509062400000;PINE3.SA;11.88;11.88;11.88;11.88;11.01;0;stock;11.0;0.05;11.88;-0.0;100.0;ESTAVEL
2017-10-30;1509321600000;PINE3.SA;11.88;11.88;11.88;11.88;11.01;0;stock;11.0;0.05;11.88;-0.0;100.0;ESTAVEL
2017-10-31;1509408000000;PINE3.SA;11.88;11.88;11.88;11.88;11.01;0;stock;11.0;0.05;11.88;-0.0;100.0;ESTAVEL
2017-11-01;1509494400000;PINE3.SA;11.88;11.88;11.88;11.88;11.01;0;stock;11.0;0.05;11.88;-0.0;100.0;ESTAVEL
2017-11-02;1509580800000;PINE3.SA;11.88;11.88;11.88;11.88;11.01;0;stock;11.0;0.05;11.88;-0.0;100.0;ESTAVEL
2017-11-03;1509667200000;PINE3.SA;11.88;11.88;11.88;11.88;11.01;0;stock;11.0;0.05;11.88;-0.0;100.0;ESTAVEL
2017-11-06;1509926400000;PINE3.SA;11.88;11.88;11.88;11.88;11.01;0;stock;11.0;0.05;11.88;-0.0;100.0;ESTAVEL
2017-11-07;1510012800000;PINE3.SA;11.88;11.88;11.88;11.88;11.01;0;stock;11.0;0.05;11.88;-0.0;100.0;ESTAVEL
2017-11-08;1510099200000;PINE3.SA;11.88;11.88;11.88;11.88;11.01;0;stock;11.0;0.05;11.88;-0.0;100.0;ESTAVEL
2017-11-09;1510185600000;PINE3.SA;11.88;11.88;11.88;11.88;11.01;0;stock;11.0;0.05;11.88;-0.0;100.0;ESTAVEL
2017-11-10;1510272000000;PINE3.SA;11.88;11.88;11.88;11.88;11.01;0;stock;11.0;0.05;11.88;-0.0;100.0;ESTAVEL
2017-11-13;1510531200000;PINE3.SA;11.88;11.88;11.88;11.88;11.01;0;stock;11.0;0.05;11.88;-0.0;100.0;ESTAVEL
2017-11-14;1510617600000;PINE3.SA;11.88;11.88;11.88;11.88;11.01;0;stock;11.0;0.05;11.88;-0.0;100.0;ESTAVEL
2017-11-15;1510704000000;PINE3.SA;11.88;11.88;11.88;11.88;11.01;0;stock;11.0;0.05;11.88;-0.0;100.0;ESTAVEL
2017-11-16;1510790400000;PINE3.SA;11.88;11.88;11.88;11.88;11.01;0;stock;11.0;0.05;11.88;-0.0;100.0;ESTAVEL
2017-11-17;1510876800000;PINE3.SA;11.88;11.88;11.88;11.88;11.01;0;stock;11.0;0.05;11.88;-0.0;100.0;ESTAVEL
2017-11-20;1511136000000;PINE3.SA;11.88;11.88;11.88;11.88;11.01;0;stock;11.0;0.05;11.88;-0.0;100.0;ESTAVEL
2017-11-21;1511222400000;PINE3.SA;11.88;11.88;11.88;11.88;11.01;0;stock;11.0;0.05;11.88;-0.0;100.0;ESTAVEL
2017-11-22;1511308800000;PINE3.SA;11.88;11.88;11.88;11.88;11.01;0;stock;11.0;0.05;11.88;-0.0;100.0;ESTAVEL
2017-11-23;1511395200000;PINE3.SA;11.88;11.88;11.88;11.88;11.01;0;stock;11.01;0.05;11.88;-0.0;100.0;ESTAVEL
2017-11-24;1511481600000;PINE3.SA;11.88;11.88;11.88;11.88;11.01;0;stock;11.01;0.04;11.88;-0.0;100.0;ESTAVEL
2017-11-27;1511740800000;PINE3.SA;11.88;11.88;11.88;11.88;11.01;0;stock;11.01;0.04;11.88;-0.0;100.0;ESTAVEL
2017-11-28;1511827200000;PINE3.SA;11.88;11.88;11.88;11.88;11.01;0;stock;11.01;0.04;11.88;-0.0;100.0;ESTAVEL
2017-11-29;1511913600000;PINE3.SA;11.88;11.88;11.88;11.88;11.01;0;stock;11.01;0.04;11.88;-0.0;100.0;ESTAVEL
2017-11-30;1512000000000;PINE3.SA;11.88;11.88;11.88;11.88;11.01;0;stock;11.01;0.04;11.88;-0.0;100.0;ESTAVEL
2017-12-01;1512086400000;PINE3.SA;11.88;11.88;11.88;11.88;11.01;0;stock;11.01;0.04;11.88;-0.0;100.0;ESTAVEL
2017-12-04;1512345600000;PINE3.SA;11.88;11.88;11.88;11.88;11.01;0;stock;11.01;0.04;11.88;-0.0;100.0;ESTAVEL
2017-12-05;1512432000000;PINE3.SA;11.88;11.88;11.88;11.88;11.01;0;stock;11.01;0.04;11.88;-0.0;100.0;ESTAVEL
2017-12-06;1512518400000;PINE3.SA;11.88;11.88;11.88;11.88;11.01;0;stock;11.01;0.04;11.88;-0.0;100.0;ESTAVEL
2017-12-07;1512604800000;PINE3.SA;11.88;11.88;11.88;11.88;11.01;0;stock;11.01;0.04;11.88;-0.0;100.0;ESTAVEL
2017-12-08;1512691200000;PINE3.SA;11.88;11.88;11.88;11.88;11.01;0;stock;11.01;0.04;11.88;-0.0;100.0;ESTAVEL
2017-12-11;1512950400000;PINE3.SA;11.88;11.88;11.88;11.88;11.01;0;stock;11.01;0.04;11.88;-0.0;100.0;ESTAVEL
2017-12-12;1513036800000;PINE3.SA;11.88;11.88;11.88;11.88;11.01;0;stock;11.01;0.04;11.88;-0.0;100.0;ESTAVEL
2017-12-13;1513123200000;PINE3.SA;11.88;11.88;11.88;11.88;11.01;0;stock;11.01;0.04;11.88;-0.0;100.0;ESTAVEL
2017-12-14;1513209600000;PINE3.SA;11.88;11.88;11.88;11.88;11.01;0;stock;11.01;0.04;11.88;-0.0;100.0;ESTAVEL
2017-12-15;1513296000000;PINE3.SA;11.88;11.88;11.88;11.88;11.01;0;stock;11.01;0.04;11.88;-0.0;100.0;ESTAVEL
2017-12-18;1513555200000;PINE3.SA;11.88;11.88;11.88;11.88;11.01;0;stock;11.01;0.04;11.88;-0.0;100.0;ESTAVEL
2017-12-19;1513641600000;PINE3.SA;11.88;11.88;11.88;11.88;11.01;0;stock;11.01;0.04;11.88;-0.0;100.0;ESTAVEL
2017-12-20;1513728000000;PINE3.SA;11.88;11.88;11.88;11.88;11.01;0;stock;11.01;0.04;11.88;-0.0;100.0;ESTAVEL
2017-12-21;1513814400000;PINE3.SA;11.88;11.88;11.88;11.88;11.01;0;stock;11.01;0.04;11.88;-0.0;100.0;ESTAVEL
2017-12-22;1513900800000;PINE3.SA;11.88;11.88;11.88;11.88;11.01;0;stock;11.01;0.04;11.88;-0.0;100.0;ESTAVEL
2017-12-25;1514160000000;PINE3.SA;11.88;11.88;11.88;11.88;11.01;0;stock;11.01;0.04;11.88;-0.0;100.0;ESTAVEL
2017-12-26;1514246400000;PINE3.SA;11.88;11.88;11.88;11.88;11.01;0;stock;11.01;0.04;11.88;-0.0;100.0;ESTAVEL
2017-12-27;1514332800000;PINE3.SA;11.88;11.88;11.88;11.88;11.01;0;stock;11.01;0.04;11.88;-0.0;100.0;ESTAVEL
2017-12-28;1514419200000;PINE3.SA;11.88;11.88;11.88;11.88;11.01;0;stock;11.01;0.04;11.88;-0.0;100.0;ESTAVEL
2017-12-29;1514505600000;PINE3.SA;11.88;11.88;11.88;11.88;11.01;0;stock;11.01;0.03;11.88;-0.0;100.0;ESTAVEL
2018-01-02;1514851200000;PINE3.SA;11.88;11.88;11.88;11.88;11.01;0;stock;11.01;0.03;11.88;-0.0;100.0;ESTAVEL
2018-01-03;1514937600000;PINE3.SA;11.88;11.88;11.88;11.88;11.01;0;stock;11.01;0.03;11.88;-0.0;100.0;ESTAVEL
2018-01-04;1515024000000;PINE3.SA;11.88;11.88;11.88;11.88;11.01;0;stock;11.01;0.03;11.88;-0.0;100.0;ESTAVEL
2018-01-05;1515110400000;PINE3.SA;11.88;11.88;11.88;11.88;11.01;0;stock;11.01;0.03;11.88;-0.0;100.0;ESTAVEL
2018-01-08;1515369600000;PINE3.SA;11.88;11.88;11.88;11.88;11.01;0;stock;11.01;0.03;11.88;-0.0;100.0;ESTAVEL
2018-01-09;1515456000000;PINE3.SA;11.88;11.88;11.88;11.88;11.01;0;stock;11.01;0.03;11.88;-0.0;100.0;ESTAVEL
2018-01-10;1515542400000;PINE3.SA;11.88;11.88;11.88;11.88;11.01;0;stock;11.01;0.03;11.88;-0.0;100.0;ESTAVEL
2018-01-11;1515628800000;PINE3.SA;11.88;11.88;11.88;11.88;11.01;0;stock;11.01;0.03;11.88;-0.0;100.0;ESTAVEL
2018-01-12;1515715200000;PINE3.SA;11.88;11.88;11.88;11.88;11.01;0;stock;11.01;0.03;11.88;-0.0;100.0;ESTAVEL
2018-01-15;1515974400000;PINE3.SA;11.88;11.88;11.88;11.88;11.01;0;stock;11.01;0.03;11.88;-0.0;100.0;ESTAVEL
2018-01-16;1516060800000;PINE3.SA;11.88;11.88;11.88;11.88;11.01;0;stock;11.01;0.03;11.88;-0.0;100.0;ESTAVEL
2018-01-17;1516147200000;PINE3.SA;11.88;11.88;11.88;11.88;11.01;0;stock;11.01;0.03;11.88;-0.0;100.0;ESTAVEL
2018-01-18;1516233600000;PINE3.SA;11.88;11.88;11.88;11.88;11.01;0;stock;11.01;0.03;11.88;-0.0;100.0;ESTAVEL
2018-01-19;1516320000000;PINE3.SA;11.88;11.88;11.88;11.88;11.01;0;stock;11.01;0.03;11.88;-0.0;100.0;ESTAVEL
2018-01-22;1516579200000;PINE3.SA;11.88;11.88;11.88;11.88;11.01;0;stock;11.01;0.03;11.88;-0.0;100.0;ESTAVEL
2018-01-23;1516665600000;PINE3.SA;11.88;11.88;11.88;11.88;11.01;0;stock;11.01;0.03;11.88;-0.0;100.0;ESTAVEL
2018-01-24;1516752000000;PINE3.SA;11.88;11.88;11.88;11.88;11.01;0;stock;11.01;0.03;11.88;-0.0;100.0;ESTAVEL
2018-01-25;1516838400000;PINE3.SA;11.88;11.88;11.88;11.88;11.01;0;stock;11.01;0.03;11.88;-0.0;100.0;ESTAVEL
2018-01-26;1516924800000;PINE3.SA;11.88;11.88;11.88;11.88;11.01;0;stock;11.01;0.03;11.88;-0.0;100.0;ESTAVEL
2018-01-29;1517184000000;PINE3.SA;11.88;11.88;11.88;11.88;11.01;0;stock;11.01;0.03;11.88;-0.0;100.0;ESTAVEL
2018-01-30;1517270400000;PINE3.SA;11.88;11.88;11.88;11.88;11.01;0;stock;11.01;0.03;11.88;-0.0;100.0;ESTAVEL
2018-01-31;1517356800000;PINE3.SA;11.88;11.88;11.88;11.88;11.01;0;stock;11.01;0.03;11.88;-0.0;100.0;ESTAVEL
2018-02-01;1517443200000;PINE3.SA;11.88;11.88;11.88;11.88;11.01;0;stock;11.01;0.03;11.88;-0.0;100.0;ESTAVEL
2018-02-02;1517529600000;PINE3.SA;11.88;11.88;11.88;11.88;11.01;0;stock;11.01;0.03;11.88;-0.0;100.0;ESTAVEL
2018-02-05;1517788800000;PINE3.SA;11.88;11.88;11.88;11.88;11.01;0;stock;11.01;0.03;11.88;-0.0;100.0;ESTAVEL
2018-02-06;1517875200000;PINE3.SA;11.88;11.88;11.88;11.88;11.01;0;stock;11.01;0.03;11.88;-0.0;100.0;ESTAVEL
2018-02-07;1517961600000;PINE3.SA;11.88;11.88;11.88;11.88;11.01;0;stock;11.01;0.03;11.88;-0.0;100.0;ESTAVEL
2018-02-08;1518048000000;PINE3.SA;11.88;11.88;11.88;11.88;11.01;0;stock;11.01;0.03;11.88;-0.0;100.0;ESTAVEL
2018-02-09;1518134400000;PINE3.SA;11.88;11.88;11.88;11.88;11.01;0;stock;11.01;0.03;11.88;-0.0;100.0;ESTAVEL
2018-02-14;1518566400000;PINE3.SA;11.88;11.88;11.88;11.88;11.01;0;stock;11.01;0.03;11.88;-0.0;100.0;ESTAVEL
2018-02-15;1518652800000;PINE3.SA;11.88;11.88;11.88;11.88;11.01;0;stock;11.01;0.03;11.88;-0.0;100.0;ESTAVEL
2018-02-16;1518739200000;PINE3.SA;11.88;11.88;11.88;11.88;11.01;0;stock;11.01;0.03;11.88;-0.0;100.0;ESTAVEL
2018-02-19;1518998400000;PINE3.SA;11.88;11.88;11.88;11.88;11.01;0;stock;11.01;0.03;11.88;-0.0;100.0;ESTAVEL
2018-02-20;1519084800000;PINE3.SA;11.88;11.88;11.88;11.88;11.01;0;stock;11.01;0.02;11.88;-0.0;100.0;ESTAVEL
2018-02-21;1519171200000;PINE3.SA;11.88;11.88;11.88;11.88;11.01;0;stock;11.01;0.02;11.88;-0.0;100.0;ESTAVEL
2018-02-22;1519257600000;PINE3.SA;11.88;11.88;11.88;11.88;11.01;0;stock;11.01;0.02;11.88;-0.0;100.0;ESTAVEL
2018-02-23;1519344000000;PINE3.SA;11.88;11.88;11.88;11.88;11.01;0;stock;11.01;0.02;11.88;-0.0;100.0;ESTAVEL
2018-02-26;1519603200000;PINE3.SA;11.88;11.88;11.88;11.88;11.01;0;stock;11.01;0.02;11.88;-0.0;100.0;ESTAVEL
2018-02-27;1519689600000;PINE3.SA;11.88;11.88;11.88;11.88;11.01;0;stock;11.01;0.02;11.88;-0.0;100.0;ESTAVEL
2018-02-28;1519776000000;PINE3.SA;11.88;11.88;11.88;11.88;11.01;0;stock;11.01;0.02;11.88;-0.0;100.0;ESTAVEL
2018-03-01;1519862400000;PINE3.SA;11.88;11.88;11.88;11.88;11.01;0;stock;11.01;0.02;11.88;-0.0;100.0;ESTAVEL
2018-03-02;1519948800000;PINE3.SA;11.88;11.88;11.88;11.88;11.01;0;stock;11.01;0.02;11.88;-0.0;100.0;ESTAVEL
2018-03-05;1520208000000;PINE3.SA;11.88;11.88;11.88;11.88;11.01;0;stock;11.01;0.02;11.88;-0.0;100.0;ESTAVEL
2018-03-06;1520294400000;PINE3.SA;11.88;11.88;11.88;11.88;11.01;0;stock;11.01;0.02;11.88;-0.0;100.0;ESTAVEL
2018-03-07;1520380800000;PINE3.SA;11.88;11.88;11.88;11.88;11.01;0;stock;11.01;0.02;11.88;-0.0;100.0;ESTAVEL
2018-03-08;1520467200000;PINE3.SA;11.88;11.88;11.88;11.88;11.01;0;stock;11.01;0.02;11.88;-0.0;100.0;ESTAVEL
2018-03-09;1520553600000;PINE3.SA;11.88;11.88;11.88;11.88;11.01;0;stock;11.01;0.02;11.88;-0.0;100.0;ESTAVEL
2018-03-12;1520812800000;PINE3.SA;11.88;11.88;11.88;11.88;11.01;0;stock;11.01;0.02;11.88;-0.0;100.0;ESTAVEL
2018-03-13;1520899200000;PINE3.SA;11.88;11.88;11.88;11.88;11.01;0;stock;11.01;0.02;11.88;-0.0;100.0;ESTAVEL
2018-03-14;1520985600000;PINE3.SA;11.88;11.88;11.88;11.88;11.01;0;stock;11.01;0.02;11.88;-0.0;100.0;ESTAVEL
2018-03-15;1521072000000;PINE3.SA;11.88;11.88;11.88;11.88;11.01;0;stock;11.01;0.02;11.88;-0.0;100.0;ESTAVEL
2018-03-16;1521158400000;PINE3.SA;11.88;11.88;11.88;11.88;11.01;0;stock;11.01;0.02;11.88;-0.0;100.0;ESTAVEL
2018-03-19;1521417600000;PINE3.SA;11.88;11.88;11.88;11.88;11.01;0;stock;11.01;0.02;11.88;-0.0;100.0;ESTAVEL
2018-03-20;1521504000000;PINE3.SA;11.88;11.88;11.88;11.88;11.01;0;stock;11.01;0.02;11.88;-0.0;100.0;ESTAVEL
2018-03-21;1521590400000;PINE3.SA;11.88;11.88;11.88;11.88;11.01;0;stock;11.01;0.02;11.88;-0.0;100.0;ESTAVEL
2018-03-22;1521676800000;PINE3.SA;11.88;11.88;11.88;11.88;11.01;0;stock;11.01;0.02;11.88;-0.0;100.0;ESTAVEL
2018-03-23;1521763200000;PINE3.SA;11.88;11.88;11.88;11.88;11.01;0;stock;11.01;0.02;11.88;-0.0;100.0;ESTAVEL
2018-03-26;1522022400000;PINE3.SA;11.88;11.88;11.88;11.88;11.01;0;stock;11.01;0.02;11.88;-0.0;100.0;ESTAVEL
2018-03-27;1522108800000;PINE3.SA;11.88;11.88;11.88;11.88;11.01;0;stock;11.01;0.02;11.88;-0.0;100.0;ESTAVEL
2018-03-28;1522195200000;PINE3.SA;11.88;11.88;11.88;11.88;11.01;0;stock;11.01;0.02;11.88;-0.0;100.0;ESTAVEL
2018-03-29;1522281600000;PINE3.SA;11.88;11.88;11.88;11.88;11.01;0;stock;11.01;0.02;11.88;-0.0;100.0;ESTAVEL
2018-04-02;1522627200000;PINE3.SA;11.88;11.88;11.88;11.88;11.01;0;stock;11.01;0.02;11.88;-0.0;100.0;ESTAVEL
2018-04-03;1522713600000;PINE3.SA;11.88;11.88;11.88;11.88;11.01;0;stock;11.01;0.02;11.88;-0.0;100.0;ESTAVEL
2018-04-04;1522800000000;PINE3.SA;11.88;11.88;11.88;11.88;11.01;0;stock;11.01;0.02;11.88;-0.0;100.0;ESTAVEL
2018-04-05;1522886400000;PINE3.SA;11.88;11.88;11.88;11.88;11.01;0;stock;11.01;0.02;11.88;-0.0;100.0;ESTAVEL
2018-04-06;1522972800000;PINE3.SA;11.88;11.88;11.88;11.88;11.01;0;stock;11.01;0.02;11.88;-0.0;100.0;ESTAVEL
2018-04-09;1523232000000;PINE3.SA;11.88;11.88;11.88;11.88;11.01;0;stock;11.01;0.02;11.88;-0.0;100.0;ESTAVEL
2018-04-10;1523318400000;PINE3.SA;11.88;11.88;11.88;11.88;11.01;0;stock;11.01;0.02;11.88;-0.0;100.0;ESTAVEL
2018-04-11;1523404800000;PINE3.SA;11.88;11.88;11.88;11.88;11.01;0;stock;11.01;0.02;11.88;-0.0;100.0;ESTAVEL
2018-04-12;1523491200000;PINE3.SA;11.88;11.88;11.88;11.88;11.01;0;stock;11.01;0.02;11.88;-0.0;100.0;ESTAVEL
2018-04-13;1523577600000;PINE3.SA;11.88;11.88;11.88;11.88;11.01;0;stock;11.01;0.02;11.88;-0.0;100.0;ESTAVEL
2018-04-16;1523836800000;PINE3.SA;11.88;11.88;11.88;11.88;11.01;0;stock;11.01;0.02;11.88;-0.0;100.0;ESTAVEL
2018-04-17;1523923200000;PINE3.SA;11.88;11.88;11.88;11.88;11.01;0;stock;11.01;0.02;11.88;-0.0;100.0;ESTAVEL
2018-04-18;1524009600000;PINE3.SA;11.88;11.88;11.88;11.88;11.01;0;stock;11.01;0.02;11.88;-0.0;100.0;ESTAVEL
2018-04-19;1524096000000;PINE3.SA;11.88;11.88;11.88;11.88;11.01;0;stock;11.01;0.02;11.88;-0.0;100.0;ESTAVEL
2018-04-20;1524182400000;PINE3.SA;11.88;11.88;11.88;11.88;11.01;0;stock;11.01;0.02;11.88;-0.0;100.0;ESTAVEL
2018-04-23;1524441600000;PINE3.SA;11.88;11.88;11.88;11.88;11.01;0;stock;11.01;0.02;11.88;-0.0;100.0;ESTAVEL
2018-04-24;1524528000000;PINE3.SA;11.88;11.88;11.88;11.88;11.01;0;stock;11.01;0.02;11.88;-0.0;100.0;ESTAVEL
2018-04-25;1524614400000;PINE3.SA;11.88;11.88;11.88;11.88;11.01;0;stock;11.01;0.02;11.88;-0.0;100.0;ESTAVEL
2018-04-26;1524700800000;PINE3.SA;11.88;11.88;11.88;11.88;11.01;0;stock;11.01;0.02;11.88;-0.0;100.0;ESTAVEL
2018-04-27;1524787200000;PINE3.SA;11.88;11.88;11.88;11.88;11.01;0;stock;11.01;0.02;11.88;-0.0;100.0;ESTAVEL
2018-04-30;1525046400000;PINE3.SA;11.88;11.88;11.88;11.88;11.01;0;stock;11.01;0.02;11.88;-0.0;100.0;ESTAVEL
2018-05-02;1525219200000;PINE3.SA;11.88;11.88;11.88;11.88;11.01;0;stock;11.01;0.02;11.88;-0.0;100.0;ESTAVEL
2018-05-03;1525305600000;PINE3.SA;11.88;11.88;11.88;11.88;11.01;0;stock;11.01;0.02;11.88;-0.0;100.0;ESTAVEL
2018-05-04;1525392000000;PINE3.SA;11.88;11.88;11.88;11.88;11.01;0;stock;11.01;0.01;11.88;-0.0;100.0;ESTAVEL
2018-05-07;1525651200000;PINE3.SA;11.88;11.88;11.88;11.88;11.01;0;stock;11.01;0.01;11.88;-0.0;100.0;ESTAVEL
2018-05-08;1525737600000;PINE3.SA;11.88;11.88;11.88;11.88;11.01;0;stock;11.01;0.01;11.88;-0.0;100.0;ESTAVEL
2018-05-09;1525824000000;PINE3.SA;11.88;11.88;11.88;11.88;11.01;0;stock;11.01;0.01;11.88;-0.0;100.0;ESTAVEL
2018-05-10;1525910400000;PINE3.SA;11.88;11.88;11.88;11.88;11.01;0;stock;11.01;0.01;11.88;-0.0;100.0;ESTAVEL
2018-05-11;1525996800000;PINE3.SA;11.88;11.88;11.88;11.88;11.01;0;stock;11.01;0.01;11.88;-0.0;100.0;ESTAVEL
2018-05-14;1526256000000;PINE3.SA;11.88;11.88;11.88;11.88;11.01;0;stock;11.01;0.01;11.88;-0.0;100.0;ESTAVEL
2018-05-15;1526342400000;PINE3.SA;11.88;11.88;11.88;11.88;11.01;0;stock;11.01;0.01;11.88;-0.0;100.0;ESTAVEL
2018-05-16;1526428800000;PINE3.SA;11.88;11.88;11.88;11.88;11.01;0;stock;11.01;0.01;11.88;-0.0;100.0;ESTAVEL
2018-05-17;1526515200000;PINE3.SA;11.88;11.88;11.88;11.88;11.01;0;stock;11.01;0.01;11.88;-0.0;100.0;ESTAVEL
2018-05-18;1526601600000;PINE3.SA;11.88;11.88;11.88;11.88;11.01;0;stock;11.01;0.01;11.88;-0.0;100.0;ESTAVEL
2018-05-21;1526860800000;PINE3.SA;11.88;11.88;11.88;11.88;11.01;0;stock;11.01;0.01;11.88;-0.0;100.0;ESTAVEL
2018-05-22;1526947200000;PINE3.SA;11.88;11.88;11.88;11.88;11.01;0;stock;11.01;0.01;11.88;-0.0;100.0;ESTAVEL
2018-05-23;1527033600000;PINE3.SA;11.88;11.88;11.88;11.88;11.01;0;stock;11.01;0.01;11.88;-0.0;100.0;ESTAVEL
2018-05-24;1527120000000;PINE3.SA;11.88;11.88;11.88;11.88;11.01;0;stock;11.01;0.01;11.88;-0.0;100.0;ESTAVEL
2018-05-25;1527206400000;PINE3.SA;11.88;11.88;11.88;11.88;11.01;0;stock;11.01;0.01;11.88;-0.0;100.0;ESTAVEL
2018-05-28;1527465600000;PINE3.SA;11.88;11.88;11.88;11.88;11.01;0;stock;11.01;0.01;11.88;-0.0;100.0;ESTAVEL
2018-05-29;1527552000000;PINE3.SA;11.88;11.88;11.88;11.88;11.01;0;stock;11.01;0.01;11.88;-0.0;100.0;ESTAVEL
2018-05-30;1527638400000;PINE3.SA;11.88;11.88;11.88;11.88;11.01;0;stock;11.01;0.01;11.88;-0.0;100.0;ESTAVEL
2018-06-01;1527811200000;PINE3.SA;11.88;11.88;11.88;11.88;11.01;0;stock;11.01;0.01;11.88;-0.0;100.0;ESTAVEL
2018-06-04;1528070400000;PINE3.SA;11.88;11.88;11.88;11.88;11.01;0;stock;11.01;0.01;11.88;-0.0;100.0;ESTAVEL
2018-06-05;1528156800000;PINE3.SA;11.88;11.88;11.88;11.88;11.01;0;stock;11.01;0.01;11.88;-0.0;100.0;ESTAVEL
2018-06-06;1528243200000;PINE3.SA;11.88;11.88;11.88;11.88;11.01;0;stock;11.01;0.01;11.88;-0.0;100.0;ESTAVEL
2018-06-07;1528329600000;PINE3.SA;11.88;11.88;11.88;11.88;11.01;0;stock;11.01;0.01;11.88;-0.0;100.0;ESTAVEL
2018-06-08;1528416000000;PINE3.SA;11.88;11.88;11.88;11.88;11.01;0;stock;11.01;0.01;11.88;-0.0;100.0;ESTAVEL
2018-06-11;1528675200000;PINE3.SA;11.88;11.88;11.88;11.88;11.01;0;stock;11.01;0.01;11.88;-0.0;100.0;ESTAVEL
2018-06-12;1528761600000;PINE3.SA;11.88;11.88;11.88;11.88;11.01;0;stock;11.01;0.01;11.88;-0.0;100.0;ESTAVEL
2018-06-13;1528848000000;PINE3.SA;11.88;11.88;11.88;11.88;11.01;0;stock;11.01;0.01;11.88;-0.0;100.0;ESTAVEL
2018-06-14;1528934400000;PINE3.SA;11.88;11.88;11.88;11.88;11.01;0;stock;11.01;0.01;11.88;-0.0;100.0;ESTAVEL
2018-06-15;1529020800000;PINE3.SA;11.88;11.88;11.88;11.88;11.01;0;stock;11.01;0.01;11.88;-0.0;100.0;ESTAVEL
2018-06-18;1529280000000;PINE3.SA;11.88;11.88;11.88;11.88;11.01;0;stock;11.01;0.01;11.88;-0.0;100.0;ESTAVEL
2018-06-19;1529366400000;PINE3.SA;11.88;11.88;11.88;11.88;11.01;0;stock;11.01;0.01;11.88;-0.0;100.0;ESTAVEL
2018-06-20;1529452800000;PINE3.SA;11.88;11.88;11.88;11.88;11.01;0;stock;11.01;0.01;11.88;-0.0;100.0;ESTAVEL
2018-06-21;1529539200000;PINE3.SA;11.88;11.88;11.88;11.88;11.01;0;stock;11.01;0.01;11.88;-0.0;100.0;ESTAVEL
2018-06-22;1529625600000;PINE3.SA;11.88;11.88;11.88;11.88;11.01;0;stock;11.01;0.01;11.88;-0.0;100.0;ESTAVEL
2018-06-25;1529884800000;PINE3.SA;11.88;11.88;11.88;11.88;11.01;0;stock;11.01;0.01;11.88;-0.0;100.0;ESTAVEL
2018-06-26;1529971200000;PINE3.SA;11.88;11.88;11.88;11.88;11.01;0;stock;11.01;0.01;11.88;-0.0;100.0;ESTAVEL
2018-06-27;1530057600000;PINE3.SA;11.88;11.88;11.88;11.88;11.01;0;stock;11.01;0.01;11.88;-0.0;100.0;ESTAVEL
2018-06-28;1530144000000;PINE3.SA;11.88;11.88;11.88;11.88;11.01;0;stock;11.01;0.01;11.88;-0.0;100.0;ESTAVEL
2018-06-29;1530230400000;PINE3.SA;11.88;11.88;11.88;11.88;11.01;0;stock;11.01;0.01;11.88;-0.0;100.0;ESTAVEL
2018-07-02;1530489600000;PINE3.SA;11.88;11.88;11.88;11.88;11.01;0;stock;11.01;0.01;11.88;-0.0;100.0;ESTAVEL
2018-07-03;1530576000000;PINE3.SA;11.88;11.88;11.88;11.88;11.01;0;stock;11.01;0.01;11.88;-0.0;100.0;ESTAVEL
2018-07-04;1530662400000;PINE3.SA;11.88;11.88;11.88;11.88;11.01;0;stock;11.01;0.01;11.88;-0.0;100.0;ESTAVEL
2018-07-05;1530748800000;PINE3.SA;11.88;11.88;11.88;11.88;11.01;0;stock;11.01;0.01;11.88;-0.0;100.0;ESTAVEL
2018-07-06;1530835200000;PINE3.SA;11.88;11.88;11.88;11.88;11.01;0;stock;11.01;0.01;11.88;-0.0;100.0;ESTAVEL
2018-07-10;1531180800000;PINE3.SA;11.88;11.88;11.88;11.88;11.01;0;stock;11.01;0.01;11.88;-0.0;100.0;ESTAVEL
2018-07-11;1531267200000;PINE3.SA;11.88;11.88;11.88;11.88;11.01;0;stock;11.01;0.01;11.88;-0.0;100.0;ESTAVEL
2018-07-12;1531353600000;PINE3.SA;11.88;11.88;11.88;11.88;11.01;0;stock;11.01;0.01;11.88;-0.0;100.0;ESTAVEL
2018-07-13;1531440000000;PINE3.SA;11.88;11.88;11.88;11.88;11.01;0;stock;11.01;0.01;11.88;-0.0;100.0;ESTAVEL
2018-07-16;1531699200000;PINE3.SA;11.88;11.88;11.88;11.88;11.01;0;stock;11.01;0.01;11.88;-0.0;100.0;ESTAVEL
2018-07-17;1531785600000;PINE3.SA;11.88;11.88;11.88;11.88;11.01;0;stock;11.01;0.01;11.88;-0.0;100.0;ESTAVEL
2018-07-18;1531872000000;PINE3.SA;11.88;11.88;11.88;11.88;11.01;0;stock;11.01;0.01;11.88;-0.0;100.0;ESTAVEL
2018-07-19;1531958400000;PINE3.SA;11.88;11.88;11.88;11.88;11.01;0;stock;11.01;0.01;11.88;-0.0;100.0;ESTAVEL
2018-07-20;1532044800000;PINE3.SA;11.88;11.88;11.88;11.88;11.01;0;stock;11.01;0.01;11.88;-0.0;100.0;ESTAVEL
2018-07-23;1532304000000;PINE3.SA;11.88;11.88;11.88;11.88;11.01;0;stock;11.01;0.01;11.88;-0.0;100.0;ESTAVEL
2018-07-24;1532390400000;PINE3.SA;11.88;11.88;11.88;11.88;11.01;0;stock;11.01;0.01;11.88;-0.0;100.0;ESTAVEL
2018-07-25;1532476800000;PINE3.SA;11.88;11.88;11.88;11.88;11.01;0;stock;11.01;0.01;11.88;-0.0;100.0;ESTAVEL
2018-07-26;1532563200000;PINE3.SA;11.88;11.88;11.88;11.88;11.01;0;stock;11.01;0.01;11.88;-0.0;100.0;ESTAVEL
2018-07-27;1532649600000;PINE3.SA;11.88;11.88;11.88;11.88;11.01;0;stock;11.01;0.01;11.88;-0.0;100.0;ESTAVEL
2018-07-30;1532908800000;PINE3.SA;11.88;11.88;11.88;11.88;11.01;0;stock;11.01;0.01;11.88;-0.0;100.0;ESTAVEL
2018-07-31;1532995200000;PINE3.SA;11.88;11.88;11.88;11.88;11.01;0;stock;11.01;0.01;11.88;-0.0;100.0;ESTAVEL
2018-08-01;1533081600000;PINE3.SA;11.88;11.88;11.88;11.88;11.01;0;stock;11.01;0.01;11.88;-0.0;100.0;ESTAVEL
2018-08-02;1533168000000;PINE3.SA;11.88;11.88;11.88;11.88;11.01;0;stock;11.01;0.01;11.88;-0.0;100.0;ESTAVEL
2018-08-03;1533254400000;PINE3.SA;11.88;11.88;11.88;11.88;11.01;0;stock;11.01;0.01;11.88;-0.0;100.0;ESTAVEL
2018-08-06;1533513600000;PINE3.SA;11.88;11.88;11.88;11.88;11.01;0;stock;11.01;0.01;11.88;-0.0;100.0;ESTAVEL
2018-08-07;1533600000000;PINE3.SA;11.88;11.88;11.88;11.88;11.01;0;stock;11.01;0.01;11.88;-0.0;100.0;ESTAVEL
2018-08-08;1533686400000;PINE3.SA;11.88;11.88;11.88;11.88;11.01;0;stock;11.01;0.01;11.88;-0.0;100.0;ESTAVEL
2018-08-09;1533772800000;PINE3.SA;11.88;11.88;11.88;11.88;11.01;0;stock;11.01;0.01;11.88;-0.0;100.0;ESTAVEL
2018-08-10;1533859200000;PINE3.SA;11.88;11.88;11.88;11.88;11.01;0;stock;11.01;0.01;11.88;-0.0;100.0;ESTAVEL
2018-08-13;1534118400000;PINE3.SA;11.88;11.88;11.88;11.88;11.01;0;stock;11.01;0.01;11.88;-0.0;100.0;ESTAVEL
2018-08-14;1534204800000;PINE3.SA;11.88;11.88;11.88;11.88;11.01;0;stock;11.01;0.01;11.88;-0.0;100.0;ESTAVEL
2018-08-15;1534291200000;PINE3.SA;11.88;11.88;11.88;11.88;11.01;0;stock;11.01;0.01;11.88;-0.0;100.0;ESTAVEL
2018-08-16;1534377600000;PINE3.SA;11.88;11.88;11.88;11.88;11.01;0;stock;11.01;0.01;11.88;-0.0;100.0;ESTAVEL
2018-08-17;1534464000000;PINE3.SA;11.88;11.88;11.88;11.88;11.01;0;stock;11.01;0.01;11.88;-0.0;100.0;ESTAVEL
2018-08-20;1534723200000;PINE3.SA;11.88;11.88;11.88;11.88;11.01;0;stock;11.01;0.01;11.88;-0.0;100.0;ESTAVEL
2018-08-21;1534809600000;PINE3.SA;11.88;11.88;11.88;11.88;11.01;0;stock;11.01;0.01;11.88;-0.0;100.0;ESTAVEL
2018-08-22;1534896000000;PINE3.SA;11.88;11.88;11.88;11.88;11.01;0;stock;11.01;0.01;11.88;-0.0;100.0;ESTAVEL
2018-08-23;1534982400000;PINE3.SA;11.88;11.88;11.88;11.88;11.01;0;stock;11.01;0.01;11.88;-0.0;100.0;ESTAVEL
2018-08-24;1535068800000;PINE3.SA;11.88;11.88;11.88;11.88;11.01;0;stock;11.01;0.01;11.88;-0.0;100.0;ESTAVEL
2018-08-27;1535328000000;PINE3.SA;11.88;11.88;11.88;11.88;11.01;0;stock;11.01;0.01;11.88;-0.0;100.0;ESTAVEL
2018-08-28;1535414400000;PINE3.SA;11.88;11.88;11.88;11.88;11.01;0;stock;11.01;0.01;11.88;-0.0;100.0;ESTAVEL
2018-08-29;1535500800000;PINE3.SA;11.88;11.88;11.88;11.88;11.01;0;stock;11.01;0.01;11.88;-0.0;100.0;ESTAVEL
2018-08-30;1535587200000;PINE3.SA;11.88;11.88;11.88;11.88;11.01;0;stock;11.01;0.01;11.88;-0.0;100.0;ESTAVEL
2018-08-31;1535673600000;PINE3.SA;11.88;11.88;11.88;11.88;11.01;0;stock;11.01;0.01;11.88;-0.0;100.0;ESTAVEL
2018-09-03;1535932800000;PINE3.SA;11.88;11.88;11.88;11.88;11.01;0;stock;11.01;0.01;11.88;-0.0;100.0;ESTAVEL
2018-09-04;1536019200000;PINE3.SA;11.88;11.88;11.88;11.88;11.01;0;stock;11.01;0.01;11.88;-0.0;100.0;ESTAVEL
2018-09-05;1536105600000;PINE3.SA;11.88;11.88;11.88;11.88;11.01;0;stock;11.01;0.01;11.88;-0.0;100.0;ESTAVEL
2018-09-06;1536192000000;PINE3.SA;11.88;11.88;11.88;11.88;11.01;0;stock;11.01;0.01;11.88;-0.0;100.0;ESTAVEL
2018-09-10;1536537600000;PINE3.SA;11.88;11.88;11.88;11.88;11.01;0;stock;11.01;0.01;11.88;-0.0;100.0;ESTAVEL
2018-09-11;1536624000000;PINE3.SA;11.88;11.88;11.88;11.88;11.01;0;stock;11.01;0.01;11.88;-0.0;100.0;ESTAVEL
2018-09-12;1536710400000;PINE3.SA;11.88;11.88;11.88;11.88;11.01;0;stock;11.01;0.01;11.88;-0.0;100.0;ESTAVEL
2018-09-13;1536796800000;PINE3.SA;11.88;11.88;11.88;11.88;11.01;0;stock;11.01;0.01;11.88;-0.0;100.0;ESTAVEL
2018-09-14;1536883200000;PINE3.SA;11.88;11.88;11.88;11.88;11.01;0;stock;11.01;0.01;11.88;-0.0;100.0;ESTAVEL
2018-09-17;1537142400000;PINE3.SA;11.88;11.88;11.88;11.88;11.01;0;stock;11.01;0.01;11.88;-0.0;100.0;ESTAVEL
2018-09-18;1537228800000;PINE3.SA;11.88;11.88;11.88;11.88;11.01;0;stock;11.01;0.01;11.88;-0.0;100.0;ESTAVEL
2018-09-19;1537315200000;PINE3.SA;11.88;11.88;11.88;11.88;11.01;0;stock;11.01;0.01;11.88;-0.0;100.0;ESTAVEL
2018-09-20;1537401600000;PINE3.SA;11.88;11.88;11.88;11.88;11.01;0;stock;11.01;0.01;11.88;-0.0;100.0;ESTAVEL
2018-09-21;1537488000000;PINE3.SA;11.88;11.88;11.88;11.88;11.01;0;stock;11.01;0.01;11.88;-0.0;100.0;ESTAVEL
2018-09-24;1537747200000;PINE3.SA;11.88;11.88;11.88;11.88;11.01;0;stock;11.01;0.01;11.88;-0.0;100.0;ESTAVEL
2018-09-25;1537833600000;PINE3.SA;11.88;11.88;11.88;11.88;11.01;0;stock;11.01;0.01;11.88;-0.0;100.0;ESTAVEL
2018-09-26;1537920000000;PINE3.SA;11.88;11.88;11.88;11.88;11.01;0;stock;11.01;0.01;11.88;-0.0;100.0;ESTAVEL
2018-09-27;1538006400000;PINE3.SA;11.88;11.88;11.88;11.88;11.01;0;stock;11.01;0.01;11.88;-0.0;100.0;ESTAVEL
2018-09-28;1538092800000;PINE3.SA;11.88;11.88;11.88;11.88;11.01;0;stock;11.01;0.01;11.88;-0.0;100.0;ESTAVEL
2018-10-01;1538352000000;PINE3.SA;11.88;11.88;11.88;11.88;11.01;0;stock;11.01;0.01;11.88;-0.0;100.0;ESTAVEL
2018-10-02;1538438400000;PINE3.SA;11.88;11.88;11.88;11.88;11.01;0;stock;11.01;0.01;11.88;-0.0;100.0;ESTAVEL
2018-10-03;1538524800000;PINE3.SA;11.88;11.88;11.88;11.88;11.01;0;stock;11.01;0.01;11.88;-0.0;100.0;ESTAVEL
2018-10-04;1538611200000;PINE3.SA;11.88;11.88;11.88;11.88;11.01;0;stock;11.01;0.01;11.88;-0.0;100.0;ESTAVEL
2018-10-05;1538697600000;PINE3.SA;11.88;11.88;11.88;11.88;11.01;0;stock;11.01;0.01;11.88;-0.0;100.0;ESTAVEL
2018-10-08;1538956800000;PINE3.SA;11.88;11.88;11.88;11.88;11.01;0;stock;11.01;0.01;11.88;-0.0;100.0;ESTAVEL
2018-10-09;1539043200000;PINE3.SA;11.88;11.88;11.88;11.88;11.01;0;stock;11.01;0.01;11.88;-0.0;100.0;ESTAVEL
2018-10-10;1539129600000;PINE3.SA;11.88;11.88;11.88;11.88;11.01;0;stock;11.01;0.0;11.88;-0.0;100.0;ESTAVEL
2018-10-11;1539216000000;PINE3.SA;11.88;11.88;11.88;11.88;11.01;0;stock;11.01;0.0;11.88;-0.0;100.0;ESTAVEL
2018-10-15;1539561600000;PINE3.SA;11.88;11.88;11.88;11.88;11.01;0;stock;11.01;0.0;11.88;-0.0;100.0;ESTAVEL
2018-10-16;1539648000000;PINE3.SA;11.88;11.88;11.88;11.88;11.01;0;stock;11.01;0.0;11.88;-0.0;100.0;ESTAVEL
2018-10-17;1539734400000;PINE3.SA;11.88;11.88;11.88;11.88;11.01;0;stock;11.01;0.0;11.88;-0.0;100.0;ESTAVEL
2018-10-18;1539820800000;PINE3.SA;11.88;11.88;11.88;11.88;11.01;0;stock;11.01;0.0;11.88;-0.0;100.0;ESTAVEL
2018-10-19;1539907200000;PINE3.SA;11.88;11.88;11.88;11.88;11.01;0;stock;11.01;0.0;11.88;-0.0;100.0;ESTAVEL
2018-10-22;1540166400000;PINE3.SA;11.88;11.88;11.88;11.88;11.01;0;stock;11.01;0.0;11.88;-0.0;100.0;ESTAVEL
2018-10-23;1540252800000;PINE3.SA;11.88;11.88;11.88;11.88;11.01;0;stock;11.01;0.0;11.88;-0.0;100.0;ESTAVEL
2018-10-24;1540339200000;PINE3.SA;11.88;11.88;11.88;11.88;11.01;0;stock;11.01;0.0;11.88;-0.0;100.0;ESTAVEL
2018-10-25;1540425600000;PINE3.SA;11.88;11.88;11.88;11.88;11.01;0;stock;11.01;0.0;11.88;-0.0;100.0;ESTAVEL
2018-10-26;1540512000000;PINE3.SA;11.88;11.88;11.88;11.88;11.01;0;stock;11.01;0.0;11.88;-0.0;100.0;ESTAVEL
2018-10-29;1540771200000;PINE3.SA;11.88;11.88;11.88;11.88;11.01;0;stock;11.01;0.0;11.88;-0.0;100.0;ESTAVEL
2018-10-30;1540857600000;PINE3.SA;11.88;11.88;11.88;11.88;11.01;0;stock;11.01;0.0;11.88;-0.0;100.0;ESTAVEL
2018-10-31;1540944000000;PINE3.SA;11.88;11.88;11.88;11.88;11.01;0;stock;11.01;0.0;11.88;-0.0;100.0;ESTAVEL
2018-11-01;1541030400000;PINE3.SA;11.88;11.88;11.88;11.88;11.01;0;stock;11.01;0.0;11.88;-0.0;100.0;ESTAVEL
2018-11-05;1541376000000;PINE3.SA;11.88;11.88;11.88;11.88;11.01;0;stock;11.01;0.0;11.88;-0.0;100.0;ESTAVEL
2018-11-06;1541462400000;PINE3.SA;11.88;11.88;11.88;11.88;11.01;0;stock;11.01;0.0;11.88;-0.0;100.0;ESTAVEL
2018-11-07;1541548800000;PINE3.SA;11.88;11.88;11.88;11.88;11.01;0;stock;11.01;0.0;11.88;-0.0;100.0;ESTAVEL
2018-11-08;1541635200000;PINE3.SA;11.88;11.88;11.88;11.88;11.01;0;stock;11.01;0.0;11.88;-0.0;100.0;ESTAVEL
2018-11-09;1541721600000;PINE3.SA;11.88;11.88;11.88;11.88;11.01;0;stock;11.01;0.0;11.88;-0.0;100.0;ESTAVEL
2018-11-12;1541980800000;PINE3.SA;11.88;11.88;11.88;11.88;11.01;0;stock;11.01;0.0;11.88;-0.0;100.0;ESTAVEL
2018-11-13;1542067200000;PINE3.SA;11.88;11.88;11.88;11.88;11.01;0;stock;11.01;0.0;11.88;-0.0;100.0;ESTAVEL
2018-11-14;1542153600000;PINE3.SA;11.88;11.88;11.88;11.88;11.01;0;stock;11.01;0.0;11.88;-0.0;100.0;ESTAVEL
2018-11-16;1542326400000;PINE3.SA;11.88;11.88;11.88;11.88;11.01;0;stock;11.01;0.0;11.88;-0.0;100.0;ESTAVEL
2018-11-19;1542585600000;PINE3.SA;11.88;11.88;11.88;11.88;11.01;0;stock;11.01;0.0;11.88;-0.0;100.0;ESTAVEL
2018-11-21;1542758400000;PINE3.SA;11.88;11.88;11.88;11.88;11.01;0;stock;11.01;0.0;11.88;-0.0;100.0;ESTAVEL
2018-11-22;1542844800000;PINE3.SA;11.88;11.88;11.88;11.88;11.01;0;stock;11.01;0.0;11.88;-0.0;100.0;ESTAVEL
2018-11-23;1542931200000;PINE3.SA;11.88;11.88;11.88;11.88;11.01;0;stock;11.01;0.0;11.88;-0.0;100.0;ESTAVEL
2018-11-26;1543190400000;PINE3.SA;11.88;11.88;11.88;11.88;11.01;0;stock;11.01;0.0;11.88;-0.0;100.0;ESTAVEL
2018-11-27;1543276800000;PINE3.SA;11.88;11.88;11.88;11.88;11.01;0;stock;11.01;0.0;11.88;-0.0;100.0;ESTAVEL
2018-11-28;1543363200000;PINE3.SA;11.88;11.88;11.88;11.88;11.01;0;stock;11.01;0.0;11.88;-0.0;100.0;ESTAVEL
2018-11-29;1543449600000;PINE3.SA;11.88;11.88;11.88;11.88;11.01;0;stock;11.01;0.0;11.88;-0.0;100.0;ESTAVEL
2018-11-30;1543536000000;PINE3.SA;11.88;11.88;11.88;11.88;11.01;0;stock;11.01;0.0;11.88;-0.0;100.0;ESTAVEL
2018-12-03;1543795200000;PINE3.SA;11.88;11.88;11.88;11.88;11.01;0;stock;11.01;0.0;11.88;-0.0;100.0;ESTAVEL
2018-12-04;1543881600000;PINE3.SA;11.88;11.88;11.88;11.88;11.01;0;stock;11.01;0.0;11.88;-0.0;100.0;ESTAVEL
2018-12-05;1543968000000;PINE3.SA;11.88;11.88;11.88;11.88;11.01;0;stock;11.01;0.0;11.88;-0.0;100.0;ESTAVEL
2018-12-06;1544054400000;PINE3.SA;11.88;11.88;11.88;11.88;11.01;0;stock;11.01;0.0;11.88;-0.0;100.0;ESTAVEL
2018-12-07;1544140800000;PINE3.SA;11.88;11.88;11.88;11.88;11.01;0;stock;11.01;0.0;11.88;-0.0;100.0;ESTAVEL
2018-12-10;1544400000000;PINE3.SA;11.88;11.88;11.88;11.88;11.01;0;stock;11.01;0.0;11.88;-0.0;100.0;ESTAVEL
2018-12-11;1544486400000;PINE3.SA;11.88;11.88;11.88;11.88;11.01;0;stock;11.01;0.0;11.88;-0.0;100.0;ESTAVEL
2018-12-12;1544572800000;PINE3.SA;11.88;11.88;11.88;11.88;11.01;0;stock;11.01;0.0;11.88;-0.0;100.0;ESTAVEL
2018-12-13;1544659200000;PINE3.SA;11.88;11.88;11.88;11.88;11.01;0;stock;11.01;0.0;11.88;-0.0;100.0;ESTAVEL
2018-12-14;1544745600000;PINE3.SA;11.88;11.88;11.88;11.88;11.01;0;stock;11.01;0.0;11.88;-0.0;100.0;ESTAVEL
2018-12-17;1545004800000;PINE3.SA;11.88;11.88;11.88;11.88;11.01;0;stock;11.01;0.0;11.88;-0.0;100.0;ESTAVEL
2018-12-18;1545091200000;PINE3.SA;11.88;11.88;11.88;11.88;11.01;0;stock;11.01;0.0;11.88;-0.0;100.0;ESTAVEL
2018-12-19;1545177600000;PINE3.SA;11.88;11.88;11.88;11.88;11.01;0;stock;11.01;0.0;11.88;-0.0;100.0;ESTAVEL
2018-12-20;1545264000000;PINE3.SA;11.88;11.88;11.88;11.88;11.01;0;stock;11.01;0.0;11.88;-0.0;100.0;ESTAVEL
2018-12-21;1545350400000;PINE3.SA;11.88;11.88;11.88;11.88;11.01;0;stock;11.01;0.0;11.88;-0.0;100.0;ESTAVEL
2018-12-26;1545782400000;PINE3.SA;11.88;11.88;11.88;11.88;11.01;0;stock;11.01;0.0;11.88;-0.0;100.0;ESTAVEL
2018-12-27;1545868800000;PINE3.SA;11.88;11.88;11.88;11.88;11.01;0;stock;11.01;0.0;11.88;-0.0;100.0;ESTAVEL
2018-12-28;1545955200000;PINE3.SA;11.88;11.88;11.88;11.88;11.01;0;stock;11.01;0.0;11.88;-0.0;100.0;ESTAVEL
2019-01-02;1546387200000;PINE3.SA;11.88;11.88;11.88;11.88;11.01;0;stock;11.01;0.0;11.88;-0.0;100.0;ESTAVEL
2019-01-03;1546473600000;PINE3.SA;11.88;11.88;11.88;11.88;11.01;0;stock;11.01;0.0;11.88;-0.0;100.0;ESTAVEL
2019-01-04;1546560000000;PINE3.SA;11.88;11.88;11.88;11.88;11.01;0;stock;11.01;0.0;11.88;-0.0;100.0;ESTAVEL
2019-01-07;1546819200000;PINE3.SA;11.88;11.88;11.88;11.88;11.01;0;stock;11.01;0.0;11.88;-0.0;100.0;ESTAVEL
2019-01-08;1546905600000;PINE3.SA;11.88;11.88;11.88;11.88;11.01;0;stock;11.01;0.0;11.88;-0.0;100.0;ESTAVEL
2019-01-09;1546992000000;PINE3.SA;11.88;11.88;11.88;11.88;11.01;0;stock;11.01;0.0;11.88;-0.0;100.0;ESTAVEL
2019-01-10;1547078400000;PINE3.SA;11.88;11.88;11.88;11.88;11.01;0;stock;11.01;0.0;11.88;-0.0;100.0;ESTAVEL
2019-01-11;1547164800000;PINE3.SA;11.88;11.88;11.88;11.88;11.01;0;stock;11.01;0.0;11.88;-0.0;100.0;ESTAVEL
2019-01-14;1547424000000;PINE3.SA;11.88;11.88;11.88;11.88;11.01;0;stock;11.01;0.0;11.88;-0.0;100.0;ESTAVEL
2019-01-15;1547510400000;PINE3.SA;11.88;11.88;11.88;11.88;11.01;0;stock;11.01;0.0;11.88;-0.0;100.0;ESTAVEL
2019-01-16;1547596800000;PINE3.SA;11.88;11.88;11.88;11.88;11.01;0;stock;11.01;0.0;11.88;-0.0;100.0;ESTAVEL
2019-01-17;1547683200000;PINE3.SA;11.88;11.88;11.88;11.88;11.01;0;stock;11.01;0.0;11.88;-0.0;100.0;ESTAVEL
2019-01-18;1547769600000;PINE3.SA;11.88;11.88;11.88;11.88;11.01;0;stock;11.01;0.0;11.88;-0.0;100.0;ESTAVEL
2019-01-21;1548028800000;PINE3.SA;11.88;11.88;11.88;11.88;11.01;0;stock;11.01;0.0;11.88;-0.0;100.0;ESTAVEL
2019-01-22;1548115200000;PINE3.SA;11.88;11.88;11.88;11.88;11.01;0;stock;11.01;0.0;11.88;-0.0;100.0;ESTAVEL
2019-01-23;1548201600000;PINE3.SA;11.88;11.88;11.88;11.88;11.01;0;stock;11.01;0.0;11.88;-0.0;100.0;ESTAVEL
2019-01-24;1548288000000;PINE3.SA;11.88;11.88;11.88;11.88;11.01;0;stock;11.01;0.0;11.88;-0.0;100.0;ESTAVEL
2019-01-28;1548633600000;PINE3.SA;11.88;11.88;11.88;11.88;11.01;0;stock;11.01;0.0;11.88;-0.0;100.0;ESTAVEL
2019-01-29;1548720000000;PINE3.SA;11.88;11.88;11.88;11.88;11.01;0;stock;11.01;0.0;11.88;-0.0;100.0;ESTAVEL
2019-01-30;1548806400000;PINE3.SA;11.88;11.88;11.88;11.88;11.01;0;stock;11.01;0.0;11.88;-0.0;100.0;ESTAVEL
2019-01-31;1548892800000;PINE3.SA;11.88;11.88;11.88;11.88;11.01;0;stock;11.01;0.0;11.88;-0.0;100.0;ESTAVEL
2019-02-01;1548979200000;PINE3.SA;11.88;11.88;11.88;11.88;11.01;0;stock;11.01;0.0;11.88;-0.0;100.0;ESTAVEL
2019-02-04;1549238400000;PINE3.SA;11.88;11.88;11.88;11.88;11.01;0;stock;11.01;0.0;11.88;-0.0;100.0;ESTAVEL
2019-02-05;1549324800000;PINE3.SA;11.88;11.88;11.88;11.88;11.01;0;stock;11.01;0.0;11.88;-0.0;100.0;ESTAVEL
2019-02-06;1549411200000;PINE3.SA;11.88;11.88;11.88;11.88;11.01;0;stock;11.01;0.0;11.88;-0.0;100.0;ESTAVEL
2019-02-07;1549497600000;PINE3.SA;11.88;11.88;11.88;11.88;11.01;0;stock;11.01;0.0;11.88;-0.0;100.0;ESTAVEL
2019-02-08;1549584000000;PINE3.SA;11.88;11.88;11.88;11.88;11.01;0;stock;11.01;0.0;11.88;-0.0;100.0;ESTAVEL
2019-02-11;1549843200000;PINE3.SA;11.88;11.88;11.88;11.88;11.01;0;stock;11.01;0.0;11.88;-0.0;100.0;ESTAVEL
2019-02-12;1549929600000;PINE3.SA;11.88;11.88;11.88;11.88;11.01;0;stock;11.01;0.0;11.88;-0.0;100.0;ESTAVEL
2019-02-13;1550016000000;PINE3.SA;11.88;11.88;11.88;11.88;11.01;0;stock;11.01;0.0;11.88;-0.0;100.0;ESTAVEL
2019-02-14;1550102400000;PINE3.SA;11.88;11.88;11.88;11.88;11.01;0;stock;11.01;0.0;11.88;-0.0;100.0;ESTAVEL
2019-02-15;1550188800000;PINE3.SA;11.88;11.88;11.88;11.88;11.01;0;stock;11.01;0.0;11.88;-0.0;100.0;ESTAVEL
2019-02-18;1550448000000;PINE3.SA;11.88;11.88;11.88;11.88;11.01;0;stock;11.01;0.0;11.88;-0.0;100.0;ESTAVEL
2019-02-19;1550534400000;PINE3.SA;11.88;11.88;11.88;11.88;11.01;0;stock;11.01;0.0;11.88;-0.0;100.0;ESTAVEL
2019-02-20;1550620800000;PINE3.SA;11.88;11.88;11.88;11.88;11.01;0;stock;11.01;0.0;11.88;-0.0;100.0;ESTAVEL
2019-02-21;1550707200000;PINE3.SA;11.88;11.88;11.88;11.88;11.01;0;stock;11.01;0.0;11.88;-0.0;100.0;ESTAVEL
2019-02-22;1550793600000;PINE3.SA;11.88;11.88;11.88;11.88;11.01;0;stock;11.01;0.0;11.88;-0.0;100.0;ESTAVEL
2019-02-25;1551052800000;PINE3.SA;11.88;11.88;11.88;11.88;11.01;0;stock;11.01;0.0;11.88;-0.0;100.0;ESTAVEL
2019-02-26;1551139200000;PINE3.SA;11.88;11.88;11.88;11.88;11.01;0;stock;11.01;0.0;11.88;-0.0;100.0;ESTAVEL
2019-02-27;1551225600000;PINE3.SA;11.88;11.88;11.88;11.88;11.01;0;stock;11.01;0.0;11.88;-0.0;100.0;ESTAVEL
2019-02-28;1551312000000;PINE3.SA;11.88;11.88;11.88;11.88;11.01;0;stock;11.01;0.0;11.88;-0.0;100.0;ESTAVEL
2019-03-01;1551398400000;PINE3.SA;11.88;11.88;11.88;11.88;11.01;0;stock;11.01;0.0;11.88;-0.0;100.0;ESTAVEL
2019-03-06;1551830400000;PINE3.SA;11.88;11.88;11.88;11.88;11.01;0;stock;11.01;0.0;11.88;-0.0;100.0;ESTAVEL
2019-03-07;1551916800000;PINE3.SA;11.88;11.88;11.88;11.88;11.01;0;stock;11.01;0.0;11.88;-0.0;100.0;ESTAVEL
2019-03-08;1552003200000;PINE3.SA;11.88;11.88;11.88;11.88;11.01;0;stock;11.01;0.0;11.88;-0.0;100.0;ESTAVEL
2019-03-11;1552262400000;PINE3.SA;11.88;11.88;11.88;11.88;11.01;0;stock;11.01;0.0;11.88;-0.0;100.0;ESTAVEL
2019-03-12;1552348800000;PINE3.SA;11.88;11.88;11.88;11.88;11.01;0;stock;11.01;0.0;11.88;-0.0;100.0;ESTAVEL
2019-03-13;1552435200000;PINE3.SA;11.88;11.88;11.88;11.88;11.01;0;stock;11.01;0.0;11.88;-0.0;100.0;ESTAVEL
2019-03-14;1552521600000;PINE3.SA;11.88;11.88;11.88;11.88;11.01;0;stock;11.01;0.0;11.88;-0.0;100.0;ESTAVEL
2019-03-15;1552608000000;PINE3.SA;11.88;11.88;11.88;11.88;11.01;0;stock;11.01;0.0;11.88;-0.0;100.0;ESTAVEL
2019-03-18;1552867200000;PINE3.SA;11.88;11.88;11.88;11.88;11.01;0;stock;11.01;0.0;11.88;-0.0;100.0;ESTAVEL
2019-03-19;1552953600000;PINE3.SA;11.88;11.88;11.88;11.88;11.01;0;stock;11.01;0.0;11.88;-0.0;100.0;ESTAVEL
2019-03-20;1553040000000;PINE3.SA;11.88;11.88;11.88;11.88;11.01;0;stock;11.01;0.0;11.88;-0.0;100.0;ESTAVEL
2019-03-21;1553126400000;PINE3.SA;11.88;11.88;11.88;11.88;11.01;0;stock;11.01;0.0;11.88;-0.0;100.0;ESTAVEL
2019-03-22;1553212800000;PINE3.SA;11.88;11.88;11.88;11.88;11.01;0;stock;11.01;0.0;11.88;-0.0;100.0;ESTAVEL
2019-03-25;1553472000000;PINE3.SA;11.88;11.88;11.88;11.88;11.01;0;stock;11.01;0.0;11.88;-0.0;100.0;ESTAVEL
2019-03-26;1553558400000;PINE3.SA;11.88;11.88;11.88;11.88;11.01;0;stock;11.01;0.0;11.88;-0.0;100.0;ESTAVEL
2019-03-27;1553644800000;PINE3.SA;11.88;11.88;11.88;11.88;11.01;0;stock;11.01;0.0;11.88;-0.0;100.0;ESTAVEL
2019-03-28;1553731200000;PINE3.SA;11.88;11.88;11.88;11.88;11.01;0;stock;11.01;0.0;11.88;-0.0;100.0;ESTAVEL
2019-03-29;1553817600000;PINE3.SA;11.88;11.88;11.88;11.88;11.01;0;stock;11.01;0.0;11.88;-0.0;100.0;ESTAVEL
2019-04-01;1554076800000;PINE3.SA;11.88;11.88;11.88;11.88;11.01;0;stock;11.01;0.0;11.88;-0.0;100.0;ESTAVEL
2019-04-02;1554163200000;PINE3.SA;11.88;11.88;11.88;11.88;11.01;0;stock;11.01;0.0;11.88;-0.0;100.0;ESTAVEL
2019-04-03;1554249600000;PINE3.SA;11.88;11.88;11.88;11.88;11.01;0;stock;11.01;0.0;11.88;-0.0;100.0;ESTAVEL
2019-04-04;1554336000000;PINE3.SA;11.88;11.88;11.88;11.88;11.01;0;stock;11.01;0.0;11.88;-0.0;100.0;ESTAVEL
2019-04-05;1554422400000;PINE3.SA;11.88;11.88;11.88;11.88;11.01;0;stock;11.01;0.0;11.88;-0.0;100.0;ESTAVEL
2019-04-08;1554681600000;PINE3.SA;11.88;11.88;11.88;11.88;11.01;0;stock;11.01;0.0;11.88;-0.0;100.0;ESTAVEL
2019-04-09;1554768000000;PINE3.SA;11.88;11.88;11.88;11.88;11.01;0;stock;11.01;0.0;11.88;-0.0;100.0;ESTAVEL
2019-04-10;1554854400000;PINE3.SA;11.88;11.88;11.88;11.88;11.01;0;stock;11.01;0.0;11.88;-0.0;100.0;ESTAVEL
2019-04-11;1554940800000;PINE3.SA;11.88;11.88;11.88;11.88;11.01;0;stock;11.01;0.0;11.88;-0.0;100.0;ESTAVEL
2019-04-12;1555027200000;PINE3.SA;11.88;11.88;11.88;11.88;11.01;0;stock;11.01;0.0;11.88;-0.0;100.0;ESTAVEL
2019-04-15;1555286400000;PINE3.SA;11.88;11.88;11.88;11.88;11.01;0;stock;11.01;0.0;11.88;-0.0;100.0;ESTAVEL
2019-04-16;1555372800000;PINE3.SA;11.88;11.88;11.88;11.88;11.01;0;stock;11.01;0.0;11.88;-0.0;100.0;ESTAVEL
2019-04-17;1555459200000;PINE3.SA;11.88;11.88;11.88;11.88;11.01;0;stock;11.01;0.0;11.88;-0.0;100.0;ESTAVEL
2019-04-18;1555545600000;PINE3.SA;11.88;11.88;11.88;11.88;11.01;0;stock;11.01;0.0;11.88;-0.0;100.0;ESTAVEL
2019-04-22;1555891200000;PINE3.SA;11.88;11.88;11.88;11.88;11.01;0;stock;11.01;0.0;11.88;-0.0;100.0;ESTAVEL
2019-04-23;1555977600000;PINE3.SA;11.88;11.88;11.88;11.88;11.01;0;stock;11.01;0.0;11.88;-0.0;100.0;ESTAVEL
2019-04-24;1556064000000;PINE3.SA;11.88;11.88;11.88;11.88;11.01;0;stock;11.01;0.0;11.88;-0.0;100.0;ESTAVEL
2019-04-25;1556150400000;PINE3.SA;11.88;11.88;11.88;11.88;11.01;0;stock;11.01;0.0;11.88;-0.0;100.0;ESTAVEL
2019-04-26;1556236800000;PINE3.SA;11.88;11.88;11.88;11.88;11.01;0;stock;11.01;0.0;11.88;-0.0;100.0;ESTAVEL
2019-04-29;1556496000000;PINE3.SA;11.88;11.88;11.88;11.88;11.01;0;stock;11.01;0.0;11.88;-0.0;100.0;ESTAVEL
2019-04-30;1556582400000;PINE3.SA;11.88;11.88;11.88;11.88;11.01;0;stock;11.01;0.0;11.88;-0.0;100.0;ESTAVEL
2019-05-02;1556755200000;PINE3.SA;11.88;11.88;11.88;11.88;11.01;0;stock;11.01;0.0;11.88;-0.0;100.0;ESTAVEL
2019-05-03;1556841600000;PINE3.SA;11.88;11.88;11.88;11.88;11.01;0;stock;11.01;0.0;11.88;-0.0;100.0;ESTAVEL
2019-05-06;1557100800000;PINE3.SA;11.88;11.88;11.88;11.88;11.01;0;stock;11.01;0.0;11.88;-0.0;100.0;ESTAVEL
2019-05-07;1557187200000;PINE3.SA;11.88;11.88;11.88;11.88;11.01;0;stock;11.01;0.0;11.88;-0.0;100.0;ESTAVEL
2019-05-08;1557273600000;PINE3.SA;11.88;11.88;11.88;11.88;11.01;0;stock;11.01;0.0;11.88;-0.0;100.0;ESTAVEL
2019-05-09;1557360000000;PINE3.SA;11.88;11.88;11.88;11.88;11.01;0;stock;11.01;0.0;11.88;-0.0;100.0;ESTAVEL
2019-05-10;1557446400000;PINE3.SA;11.88;11.88;11.88;11.88;11.01;0;stock;11.01;0.0;11.88;-0.0;100.0;ESTAVEL
2019-05-13;1557705600000;PINE3.SA;11.88;11.88;11.88;11.88;11.01;0;stock;11.01;0.0;11.88;-0.0;100.0;ESTAVEL
2019-05-14;1557792000000;PINE3.SA;11.88;11.88;11.88;11.88;11.01;0;stock;11.01;0.0;11.88;-0.0;100.0;ESTAVEL
2019-05-15;1557878400000;PINE3.SA;11.88;11.88;11.88;11.88;11.01;0;stock;11.01;0.0;11.88;-0.0;100.0;ESTAVEL
2019-05-16;1557964800000;PINE3.SA;11.88;11.88;11.88;11.88;11.01;0;stock;11.01;0.0;11.88;-0.0;100.0;ESTAVEL
2019-05-17;1558051200000;PINE3.SA;11.88;11.88;11.88;11.88;11.01;0;stock;11.01;0.0;11.88;-0.0;100.0;ESTAVEL
2019-05-20;1558310400000;PINE3.SA;11.88;11.88;11.88;11.88;11.01;0;stock;11.01;0.0;11.88;-0.0;100.0;ESTAVEL
2019-05-21;1558396800000;PINE3.SA;11.88;11.88;11.88;11.88;11.01;0;stock;11.01;0.0;11.88;-0.0;100.0;ESTAVEL
2019-05-22;1558483200000;PINE3.SA;11.88;11.88;11.88;11.88;11.01;0;stock;11.01;0.0;11.88;-0.0;100.0;ESTAVEL
2019-05-23;1558569600000;PINE3.SA;11.88;11.88;11.88;11.88;11.01;0;stock;11.01;0.0;11.88;-0.0;100.0;ESTAVEL
2019-05-24;1558656000000;PINE3.SA;11.88;11.88;11.88;11.88;11.01;0;stock;11.01;0.0;11.88;-0.0;100.0;ESTAVEL
2019-05-27;1558915200000;PINE3.SA;11.88;11.88;11.88;11.88;11.01;0;stock;11.01;0.0;11.88;-0.0;100.0;ESTAVEL
2019-05-28;1559001600000;PINE3.SA;11.88;11.88;11.88;11.88;11.01;0;stock;11.01;0.0;11.88;-0.0;100.0;ESTAVEL
2019-05-29;1559088000000;PINE3.SA;11.88;11.88;11.88;11.88;11.01;0;stock;11.01;0.0;11.88;-0.0;100.0;ESTAVEL
2019-05-30;1559174400000;PINE3.SA;11.88;11.88;11.88;11.88;11.01;0;stock;11.01;0.0;11.88;-0.0;100.0;ESTAVEL
2019-05-31;1559260800000;PINE3.SA;11.88;11.88;11.88;11.88;11.01;0;stock;11.01;0.0;11.88;-0.0;100.0;ESTAVEL
2019-06-03;1559520000000;PINE3.SA;11.88;11.88;11.88;11.88;11.01;0;stock;11.01;0.0;11.88;-0.0;100.0;ESTAVEL
2019-06-04;1559606400000;PINE3.SA;11.88;11.88;11.88;11.88;11.01;0;stock;11.01;0.0;11.88;-0.0;100.0;ESTAVEL
2019-06-05;1559692800000;PINE3.SA;11.88;11.88;11.88;11.88;11.01;0;stock;11.01;0.0;11.88;-0.0;100.0;ESTAVEL
2019-06-06;1559779200000;PINE3.SA;11.88;11.88;11.88;11.88;11.01;0;stock;11.01;0.0;11.88;-0.0;100.0;ESTAVEL
2019-06-07;1559865600000;PINE3.SA;11.88;11.88;11.88;11.88;11.01;0;stock;11.01;0.0;11.88;-0.0;100.0;ESTAVEL
2019-06-10;1560124800000;PINE3.SA;11.88;11.88;11.88;11.88;11.01;0;stock;11.01;0.0;11.88;-0.0;100.0;ESTAVEL
2019-06-11;1560211200000;PINE3.SA;11.88;11.88;11.88;11.88;11.01;0;stock;11.01;0.0;11.88;-0.0;100.0;ESTAVEL
2019-06-12;1560297600000;PINE3.SA;11.88;11.88;11.88;11.88;11.01;0;stock;11.01;0.0;11.88;-0.0;100.0;ESTAVEL
2019-06-13;1560384000000;PINE3.SA;11.88;11.88;11.88;11.88;11.01;0;stock;11.01;0.0;11.88;-0.0;100.0;ESTAVEL
2019-06-14;1560470400000;PINE3.SA;11.88;11.88;11.88;11.88;11.01;0;stock;11.01;0.0;11.88;-0.0;100.0;ESTAVEL
2019-06-17;1560729600000;PINE3.SA;11.88;11.88;11.88;11.88;11.01;0;stock;11.01;0.0;11.88;-0.0;100.0;ESTAVEL
2019-06-18;1560816000000;PINE3.SA;11.88;11.88;11.88;11.88;11.01;0;stock;11.01;0.0;11.88;-0.0;100.0;ESTAVEL
2019-06-19;1560902400000;PINE3.SA;11.88;11.88;11.88;11.88;11.01;0;stock;11.01;0.0;11.88;-0.0;100.0;ESTAVEL
2019-06-21;1561075200000;PINE3.SA;11.88;11.88;11.88;11.88;11.01;0;stock;11.01;0.0;11.88;-0.0;100.0;ESTAVEL
2019-06-24;1561334400000;PINE3.SA;11.88;11.88;11.88;11.88;11.01;0;stock;11.01;0.0;11.88;-0.0;100.0;ESTAVEL
2019-06-25;1561420800000;PINE3.SA;11.88;11.88;11.88;11.88;11.01;0;stock;11.01;0.0;11.88;-0.0;100.0;ESTAVEL
2019-06-26;1561507200000;PINE3.SA;11.88;11.88;11.88;11.88;11.01;0;stock;11.01;0.0;11.88;-0.0;100.0;ESTAVEL
2019-06-27;1561593600000;PINE3.SA;11.88;11.88;11.88;11.88;11.01;0;stock;11.01;0.0;11.88;-0.0;100.0;ESTAVEL
2019-06-28;1561680000000;PINE3.SA;11.88;11.88;11.88;11.88;11.01;0;stock;11.01;0.0;11.88;-0.0;100.0;ESTAVEL
2019-07-01;1561939200000;PINE3.SA;11.88;11.88;11.88;11.88;11.01;0;stock;11.01;0.0;11.88;-0.0;100.0;ESTAVEL
2019-07-02;1562025600000;PINE3.SA;11.88;11.88;11.88;11.88;11.01;0;stock;11.01;0.0;11.88;-0.0;100.0;ESTAVEL
2019-07-03;1562112000000;PINE3.SA;11.88;11.88;11.88;11.88;11.01;0;stock;11.01;0.0;11.88;-0.0;100.0;ESTAVEL
2019-07-04;1562198400000;PINE3.SA;11.88;11.88;11.88;11.88;11.01;0;stock;11.01;0.0;11.88;-0.0;100.0;ESTAVEL
2019-07-05;1562284800000;PINE3.SA;11.88;11.88;11.88;11.88;11.01;0;stock;11.01;0.0;11.88;-0.0;100.0;ESTAVEL
2019-07-08;1562544000000;PINE3.SA;11.88;11.88;11.88;11.88;11.01;0;stock;11.01;0.0;11.88;-0.0;100.0;ESTAVEL
2019-07-10;1562716800000;PINE3.SA;11.88;11.88;11.88;11.88;11.01;0;stock;11.01;0.0;11.88;-0.0;100.0;ESTAVEL
2019-07-11;1562803200000;PINE3.SA;11.88;11.88;11.88;11.88;11.01;0;stock;11.01;0.0;11.88;-0.0;100.0;ESTAVEL
2019-07-12;1562889600000;PINE3.SA;11.88;11.88;11.88;11.88;11.01;0;stock;11.01;0.0;11.88;-0.0;100.0;ESTAVEL
2019-07-15;1563148800000;PINE3.SA;11.88;11.88;11.88;11.88;11.01;0;stock;11.01;0.0;11.88;-0.0;100.0;ESTAVEL
2019-07-16;1563235200000;PINE3.SA;11.88;11.88;11.88;11.88;11.01;0;stock;11.01;0.0;11.88;-0.0;100.0;ESTAVEL
2019-07-17;1563321600000;PINE3.SA;11.88;11.88;11.88;11.88;11.01;0;stock;11.01;0.0;11.88;-0.0;100.0;ESTAVEL
2019-07-18;1563408000000;PINE3.SA;11.88;11.88;11.88;11.88;11.01;0;stock;11.01;0.0;11.88;-0.0;100.0;ESTAVEL
2019-07-19;1563494400000;PINE3.SA;11.88;11.88;11.88;11.88;11.01;0;stock;11.01;0.0;11.88;-0.0;100.0;ESTAVEL
2019-07-22;1563753600000;PINE3.SA;11.88;11.88;11.88;11.88;11.01;0;stock;11.01;0.0;11.88;-0.0;100.0;ESTAVEL
2019-07-23;1563840000000;PINE3.SA;11.88;11.88;11.88;11.88;11.01;0;stock;11.01;0.0;11.88;-0.0;100.0;ESTAVEL
2019-07-24;1563926400000;PINE3.SA;11.88;11.88;11.88;11.88;11.01;0;stock;11.01;0.0;11.88;-0.0;100.0;ESTAVEL
2019-07-25;1564012800000;PINE3.SA;11.88;11.88;11.88;11.88;11.01;0;stock;11.01;0.0;11.88;-0.0;100.0;ESTAVEL
2019-07-26;1564099200000;PINE3.SA;11.88;11.88;11.88;11.88;11.01;0;stock;11.01;0.0;11.88;-0.0;100.0;ESTAVEL
2019-07-29;1564358400000;PINE3.SA;11.88;11.88;11.88;11.88;11.01;0;stock;11.01;0.0;11.88;-0.0;100.0;ESTAVEL
2019-07-30;1564444800000;PINE3.SA;11.88;11.88;11.88;11.88;11.01;0;stock;11.01;0.0;11.88;-0.0;100.0;ESTAVEL
2019-07-31;1564531200000;PINE3.SA;11.88;11.88;11.88;11.88;11.01;0;stock;11.01;0.0;11.88;-0.0;100.0;ESTAVEL
2019-08-01;1564617600000;PINE3.SA;11.88;11.88;11.88;11.88;11.01;0;stock;11.01;0.0;11.88;-0.0;100.0;ESTAVEL
2019-08-02;1564704000000;PINE3.SA;11.88;11.88;11.88;11.88;11.01;0;stock;11.01;0.0;11.88;-0.0;100.0;ESTAVEL
2019-08-05;1564963200000;PINE3.SA;11.88;11.88;11.88;11.88;11.01;0;stock;11.01;0.0;11.88;-0.0;100.0;ESTAVEL
2019-08-06;1565049600000;PINE3.SA;11.88;11.88;11.88;11.88;11.01;0;stock;11.01;0.0;11.88;-0.0;100.0;ESTAVEL
2019-08-07;1565136000000;PINE3.SA;11.88;11.88;11.88;11.88;11.01;0;stock;11.01;0.0;11.88;-0.0;100.0;ESTAVEL
2019-08-08;1565222400000;PINE3.SA;11.88;11.88;11.88;11.88;11.01;0;stock;11.01;0.0;11.88;-0.0;100.0;ESTAVEL
2019-08-09;1565308800000;PINE3.SA;11.88;11.88;11.88;11.88;11.01;0;stock;11.01;0.0;11.88;-0.0;100.0;ESTAVEL
2019-08-12;1565568000000;PINE3.SA;11.88;11.88;11.88;11.88;11.01;0;stock;11.01;0.0;11.88;-0.0;100.0;ESTAVEL
2019-08-13;1565654400000;PINE3.SA;11.88;11.88;11.88;11.88;11.01;0;stock;11.01;0.0;11.88;-0.0;100.0;ESTAVEL
2019-08-14;1565740800000;PINE3.SA;11.88;11.88;11.88;11.88;11.01;0;stock;11.01;0.0;11.88;-0.0;100.0;ESTAVEL
2019-08-15;1565827200000;PINE3.SA;11.88;11.88;11.88;11.88;11.01;0;stock;11.01;0.0;11.88;-0.0;100.0;ESTAVEL
2019-08-16;1565913600000;PINE3.SA;11.88;11.88;11.88;11.88;11.01;0;stock;11.01;0.0;11.88;-0.0;100.0;ESTAVEL
2019-08-19;1566172800000;PINE3.SA;11.88;11.88;11.88;11.88;11.01;0;stock;11.01;0.0;11.88;-0.0;100.0;ESTAVEL
2019-08-20;1566259200000;PINE3.SA;11.88;11.88;11.88;11.88;11.01;0;stock;11.01;0.0;11.88;-0.0;100.0;ESTAVEL
2019-08-21;1566345600000;PINE3.SA;11.88;11.88;11.88;11.88;11.01;0;stock;11.01;0.0;11.88;-0.0;100.0;ESTAVEL
2019-08-22;1566432000000;PINE3.SA;11.88;11.88;11.88;11.88;11.01;0;stock;11.01;0.0;11.88;-0.0;100.0;ESTAVEL
2019-08-23;1566518400000;PINE3.SA;11.88;11.88;11.88;11.88;11.01;0;stock;11.01;0.0;11.88;-0.0;100.0;ESTAVEL
2019-08-26;1566777600000;PINE3.SA;11.88;11.88;11.88;11.88;11.01;0;stock;11.01;0.0;11.88;-0.0;100.0;ESTAVEL
2019-08-27;1566864000000;PINE3.SA;11.88;11.88;11.88;11.88;11.01;0;stock;11.01;0.0;11.88;-0.0;100.0;ESTAVEL
2019-08-28;1566950400000;PINE3.SA;11.88;11.88;11.88;11.88;11.01;0;stock;11.01;0.0;11.88;-0.0;100.0;ESTAVEL
2019-08-29;1567036800000;PINE3.SA;11.88;11.88;11.88;11.88;11.01;0;stock;11.01;0.0;11.88;-0.0;100.0;ESTAVEL
2019-08-30;1567123200000;PINE3.SA;11.88;11.88;11.88;11.88;11.01;0;stock;11.01;0.0;11.88;-0.0;100.0;ESTAVEL
2019-09-02;1567382400000;PINE3.SA;11.88;11.88;11.88;11.88;11.01;0;stock;11.01;0.0;11.88;-0.0;100.0;ESTAVEL
2019-09-03;1567468800000;PINE3.SA;11.88;11.88;11.88;11.88;11.01;0;stock;11.01;0.0;11.88;-0.0;100.0;ESTAVEL
2019-09-04;1567555200000;PINE3.SA;11.88;11.88;11.88;11.88;11.01;0;stock;11.01;0.0;11.88;-0.0;100.0;ESTAVEL
2019-09-05;1567641600000;PINE3.SA;11.88;11.88;11.88;11.88;11.01;0;stock;11.01;0.0;11.88;-0.0;100.0;ESTAVEL
2019-09-06;1567728000000;PINE3.SA;11.88;11.88;11.88;11.88;11.01;0;stock;11.01;0.0;11.88;-0.0;100.0;ESTAVEL
2019-09-09;1567987200000;PINE3.SA;11.88;11.88;11.88;11.88;11.01;0;stock;11.01;0.0;11.88;-0.0;100.0;ESTAVEL
2019-09-10;1568073600000;PINE3.SA;11.88;11.88;11.88;11.88;11.01;0;stock;11.01;0.0;11.88;-0.0;100.0;ESTAVEL
2019-09-11;1568160000000;PINE3.SA;11.88;11.88;11.88;11.88;11.01;0;stock;11.01;0.0;11.88;-0.0;100.0;ESTAVEL
2019-09-12;1568246400000;PINE3.SA;11.88;11.88;11.88;11.88;11.01;0;stock;11.01;0.0;11.88;-0.0;100.0;ESTAVEL
2019-09-13;1568332800000;PINE3.SA;11.88;11.88;11.88;11.88;11.01;0;stock;11.01;0.0;11.88;-0.0;100.0;ESTAVEL
2019-09-16;1568592000000;PINE3.SA;11.88;11.88;11.88;11.88;11.01;0;stock;11.01;0.0;11.88;-0.0;100.0;ESTAVEL
2019-09-17;1568678400000;PINE3.SA;11.88;11.88;11.88;11.88;11.01;0;stock;11.01;0.0;11.88;-0.0;100.0;ESTAVEL
2019-09-18;1568764800000;PINE3.SA;11.88;11.88;11.88;11.88;11.01;0;stock;11.01;0.0;11.88;-0.0;100.0;ESTAVEL
2019-09-19;1568851200000;PINE3.SA;11.88;11.88;11.88;11.88;11.01;0;stock;11.01;0.0;11.88;-0.0;100.0;ESTAVEL
2019-09-20;1568937600000;PINE3.SA;11.88;11.88;11.88;11.88;11.01;0;stock;11.01;0.0;11.88;-0.0;100.0;ESTAVEL
2019-09-23;1569196800000;PINE3.SA;11.88;11.88;11.88;11.88;11.01;0;stock;11.01;0.0;11.88;-0.0;100.0;ESTAVEL
2019-09-24;1569283200000;PINE3.SA;11.88;11.88;11.88;11.88;11.01;0;stock;11.01;0.0;11.88;-0.0;100.0;ESTAVEL
2019-09-25;1569369600000;PINE3.SA;11.88;11.88;11.88;11.88;11.01;0;stock;11.01;0.0;11.88;-0.0;100.0;ESTAVEL
2019-09-26;1569456000000;PINE3.SA;11.88;11.88;11.88;11.88;11.01;0;stock;11.01;0.0;11.88;-0.0;100.0;ESTAVEL
2019-09-27;1569542400000;PINE3.SA;11.88;11.88;11.88;11.88;11.01;0;stock;11.01;0.0;11.88;-0.0;100.0;ESTAVEL
2019-09-30;1569801600000;PINE3.SA;11.88;11.88;11.88;11.88;11.01;0;stock;11.01;0.0;11.88;-0.0;100.0;ESTAVEL
2019-10-01;1569888000000;PINE3.SA;11.88;11.88;11.88;11.88;11.01;0;stock;11.01;0.0;11.88;-0.0;100.0;ESTAVEL
2019-10-02;1569974400000;PINE3.SA;11.88;11.88;11.88;11.88;11.01;0;stock;11.01;0.0;11.88;-0.0;100.0;ESTAVEL
2019-10-03;1570060800000;PINE3.SA;11.88;11.88;11.88;11.88;11.01;0;stock;11.01;0.0;11.88;-0.0;100.0;ESTAVEL
2019-10-04;1570147200000;PINE3.SA;11.88;11.88;11.88;11.88;11.01;0;stock;11.01;0.0;11.88;-0.0;100.0;ESTAVEL
2019-10-07;1570406400000;PINE3.SA;11.88;11.88;11.88;11.88;11.01;0;stock;11.01;0.0;11.88;-0.0;100.0;ESTAVEL
2019-10-08;1570492800000;PINE3.SA;11.88;11.88;11.88;11.88;11.01;0;stock;11.01;0.0;11.88;-0.0;100.0;ESTAVEL
2019-10-09;1570579200000;PINE3.SA;11.88;11.88;11.88;11.88;11.01;0;stock;11.01;0.0;11.88;-0.0;100.0;ESTAVEL
2019-10-10;1570665600000;PINE3.SA;11.88;11.88;11.88;11.88;11.01;0;stock;11.01;0.0;11.88;-0.0;100.0;ESTAVEL
2019-10-11;1570752000000;PINE3.SA;11.88;11.88;11.88;11.88;11.01;0;stock;11.01;0.0;11.88;-0.0;100.0;ESTAVEL
2019-10-14;1571011200000;PINE3.SA;11.88;11.88;11.88;11.88;11.01;0;stock;11.01;0.0;11.88;-0.0;100.0;ESTAVEL
2019-10-15;1571097600000;PINE3.SA;11.88;11.88;11.88;11.88;11.01;0;stock;11.01;0.0;11.88;-0.0;100.0;ESTAVEL
2019-10-16;1571184000000;PINE3.SA;11.88;11.88;11.88;11.88;11.01;0;stock;11.01;0.0;11.88;-0.0;100.0;ESTAVEL
2019-10-17;1571270400000;PINE3.SA;11.88;11.88;11.88;11.88;11.01;0;stock;11.01;0.0;11.88;-0.0;100.0;ESTAVEL
2019-10-18;1571356800000;PINE3.SA;11.88;11.88;11.88;11.88;11.01;0;stock;11.01;0.0;11.88;-0.0;100.0;ESTAVEL
2019-10-21;1571616000000;PINE3.SA;11.88;11.88;11.88;11.88;11.01;0;stock;11.01;0.0;11.88;-0.0;100.0;ESTAVEL
2019-10-22;1571702400000;PINE3.SA;11.88;11.88;11.88;11.88;11.01;0;stock;11.01;0.0;11.88;-0.0;100.0;ESTAVEL
2019-10-23;1571788800000;PINE3.SA;11.88;11.88;11.88;11.88;11.01;0;stock;11.01;0.0;11.88;-0.0;100.0;ESTAVEL
2019-10-24;1571875200000;PINE3.SA;11.88;11.88;11.88;11.88;11.01;0;stock;11.01;0.0;11.88;-0.0;100.0;ESTAVEL
2019-10-25;1571961600000;PINE3.SA;11.88;11.88;11.88;11.88;11.01;0;stock;11.01;0.0;11.88;-0.0;100.0;ESTAVEL
2019-10-28;1572220800000;PINE3.SA;11.88;11.88;11.88;11.88;11.01;0;stock;11.01;0.0;11.88;-0.0;100.0;ESTAVEL
2019-10-29;1572307200000;PINE3.SA;11.88;11.88;11.88;11.88;11.01;0;stock;11.01;0.0;11.88;-0.0;100.0;ESTAVEL
2019-10-30;1572393600000;PINE3.SA;11.88;11.88;11.88;11.88;11.01;0;stock;11.01;0.0;11.88;-0.0;100.0;ESTAVEL
2019-10-31;1572480000000;PINE3.SA;11.88;11.88;11.88;11.88;11.01;0;stock;11.01;0.0;11.88;-0.0;100.0;ESTAVEL
2019-11-01;1572566400000;PINE3.SA;11.88;11.88;11.88;11.88;11.01;0;stock;11.01;0.0;11.88;-0.0;100.0;ESTAVEL
2019-11-04;1572825600000;PINE3.SA;11.88;11.88;11.88;11.88;11.01;0;stock;11.01;0.0;11.88;-0.0;100.0;ESTAVEL
2019-11-05;1572912000000;PINE3.SA;11.88;11.88;11.88;11.88;11.01;0;stock;11.01;0.0;11.88;-0.0;100.0;ESTAVEL
2019-11-06;1572998400000;PINE3.SA;11.88;11.88;11.88;11.88;11.01;0;stock;11.01;0.0;11.88;-0.0;100.0;ESTAVEL
2019-11-07;1573084800000;PINE3.SA;11.88;11.88;11.88;11.88;11.01;0;stock;11.01;0.0;11.88;-0.0;100.0;ESTAVEL
2019-11-08;1573171200000;PINE3.SA;11.88;11.88;11.88;11.88;11.01;0;stock;11.01;0.0;11.88;-0.0;100.0;ESTAVEL
2019-11-11;1573430400000;PINE3.SA;11.88;11.88;11.88;11.88;11.01;0;stock;11.01;0.0;11.88;-0.0;100.0;ESTAVEL
2019-11-12;1573516800000;PINE3.SA;11.88;11.88;11.88;11.88;11.01;0;stock;11.01;0.0;11.88;-0.0;100.0;ESTAVEL
2019-11-13;1573603200000;PINE3.SA;11.88;11.88;11.88;11.88;11.01;0;stock;11.01;0.0;11.88;-0.0;100.0;ESTAVEL
2019-11-14;1573689600000;PINE3.SA;11.88;11.88;11.88;11.88;11.01;0;stock;11.01;0.0;11.88;-0.0;100.0;ESTAVEL
2019-11-18;1574035200000;PINE3.SA;11.88;11.88;11.88;11.88;11.01;0;stock;11.01;0.0;11.88;-0.0;100.0;ESTAVEL
2019-11-19;1574121600000;PINE3.SA;11.88;11.88;11.88;11.88;11.01;0;stock;11.01;0.0;11.88;-0.0;100.0;ESTAVEL
2019-11-21;1574294400000;PINE3.SA;11.88;11.88;11.88;11.88;11.01;0;stock;11.01;0.0;11.88;-0.0;100.0;ESTAVEL
2019-11-22;1574380800000;PINE3.SA;11.88;11.88;11.88;11.88;11.01;0;stock;11.01;0.0;11.88;-0.0;100.0;ESTAVEL
2019-11-25;1574640000000;PINE3.SA;11.88;11.88;11.88;11.88;11.01;0;stock;11.01;0.0;11.88;-0.0;100.0;ESTAVEL
2019-11-26;1574726400000;PINE3.SA;11.88;11.88;11.88;11.88;11.01;0;stock;11.01;0.0;11.88;-0.0;100.0;ESTAVEL
2019-11-27;1574812800000;PINE3.SA;11.88;11.88;11.88;11.88;11.01;0;stock;11.01;0.0;11.88;-0.0;100.0;ESTAVEL
2019-11-28;1574899200000;PINE3.SA;11.88;11.88;11.88;11.88;11.01;0;stock;11.01;0.0;11.88;-0.0;100.0;ESTAVEL
2019-11-29;1574985600000;PINE3.SA;11.88;11.88;11.88;11.88;11.01;0;stock;11.01;0.0;11.88;-0.0;100.0;ESTAVEL
2019-12-02;1575244800000;PINE3.SA;11.88;11.88;11.88;11.88;11.01;0;stock;11.01;0.0;11.88;-0.0;100.0;ESTAVEL
2019-12-03;1575331200000;PINE3.SA;11.88;11.88;11.88;11.88;11.01;0;stock;11.01;0.0;11.88;-0.0;100.0;ESTAVEL
2019-12-04;1575417600000;PINE3.SA;11.88;11.88;11.88;11.88;11.01;0;stock;11.01;0.0;11.88;-0.0;100.0;ESTAVEL
2019-12-05;1575504000000;PINE3.SA;11.88;11.88;11.88;11.88;11.01;0;stock;11.01;0.0;11.88;-0.0;100.0;ESTAVEL
2019-12-06;1575590400000;PINE3.SA;11.88;11.88;11.88;11.88;11.01;0;stock;11.01;0.0;11.88;-0.0;100.0;ESTAVEL
2019-12-09;1575849600000;PINE3.SA;11.88;11.88;11.88;11.88;11.01;0;stock;11.01;0.0;11.88;-0.0;100.0;ESTAVEL
2019-12-10;1575936000000;PINE3.SA;11.88;11.88;11.88;11.88;11.01;0;stock;11.01;0.0;11.88;-0.0;100.0;ESTAVEL
2019-12-11;1576022400000;PINE3.SA;11.88;11.88;11.88;11.88;11.01;0;stock;11.01;0.0;11.88;-0.0;100.0;ESTAVEL
2019-12-12;1576108800000;PINE3.SA;11.88;11.88;11.88;11.88;11.01;0;stock;11.01;0.0;11.88;-0.0;100.0;ESTAVEL
2019-12-13;1576195200000;PINE3.SA;11.88;11.88;11.88;11.88;11.01;0;stock;11.01;0.0;11.88;-0.0;100.0;ESTAVEL
2019-12-16;1576454400000;PINE3.SA;11.88;11.88;11.88;11.88;11.01;0;stock;11.01;0.0;11.88;-0.0;100.0;ESTAVEL
2019-12-17;1576540800000;PINE3.SA;11.88;11.88;11.88;11.88;11.01;0;stock;11.01;0.0;11.88;-0.0;100.0;ESTAVEL
2019-12-18;1576627200000;PINE3.SA;11.88;11.88;11.88;11.88;11.01;0;stock;11.01;0.0;11.88;-0.0;100.0;ESTAVEL
2019-12-19;1576713600000;PINE3.SA;11.88;11.88;11.88;11.88;11.01;0;stock;11.01;0.0;11.88;-0.0;100.0;ESTAVEL
2019-12-20;1576800000000;PINE3.SA;11.88;11.88;11.88;11.88;11.01;0;stock;11.01;0.0;11.88;-0.0;100.0;ESTAVEL
2019-12-23;1577059200000;PINE3.SA;11.88;11.88;11.88;11.88;11.01;0;stock;11.01;0.0;11.88;-0.0;100.0;ESTAVEL
2019-12-26;1577318400000;PINE3.SA;11.88;11.88;11.88;11.88;11.01;0;stock;11.01;0.0;11.88;-0.0;100.0;ESTAVEL
2019-12-27;1577404800000;PINE3.SA;11.88;11.88;11.88;11.88;11.01;0;stock;11.01;0.0;11.88;-0.0;100.0;ESTAVEL
2019-12-30;1577664000000;PINE3.SA;11.88;11.88;11.88;11.88;11.01;0;stock;11.01;0.0;11.88;-0.0;100.0;ESTAVEL
2020-01-02;1577923200000;PINE3.SA;11.88;11.88;11.88;11.88;11.01;0;stock;11.01;0.0;11.88;-0.0;100.0;ESTAVEL
2020-01-03;1578009600000;PINE3.SA;11.88;11.88;11.88;11.88;11.01;0;stock;11.01;0.0;11.88;-0.0;100.0;ESTAVEL
2020-01-06;1578268800000;PINE3.SA;11.88;11.88;11.88;11.88;11.01;0;stock;11.01;0.0;11.88;-0.0;100.0;ESTAVEL
2020-01-07;1578355200000;PINE3.SA;11.88;11.88;11.88;11.88;11.01;0;stock;11.01;0.0;11.88;-0.0;100.0;ESTAVEL
2020-01-08;1578441600000;PINE3.SA;11.88;11.88;11.88;11.88;11.01;0;stock;11.01;0.0;11.88;-0.0;100.0;ESTAVEL
2020-01-09;1578528000000;PINE3.SA;11.88;11.88;11.88;11.88;11.01;0;stock;11.01;0.0;11.88;-0.0;100.0;ESTAVEL
2020-01-10;1578614400000;PINE3.SA;11.88;11.88;11.88;11.88;11.01;0;stock;11.01;0.0;11.88;-0.0;100.0;ESTAVEL
2020-01-13;1578873600000;PINE3.SA;11.88;11.88;11.88;11.88;11.01;0;stock;11.01;0.0;11.88;-0.0;100.0;ESTAVEL
2020-01-14;1578960000000;PINE3.SA;11.88;11.88;11.88;11.88;11.01;0;stock;11.01;0.0;11.88;-0.0;100.0;ESTAVEL
2020-01-15;1579046400000;PINE3.SA;11.88;11.88;11.88;11.88;11.01;0;stock;11.01;0.0;11.88;-0.0;100.0;ESTAVEL
2020-01-16;1579132800000;PINE3.SA;11.88;11.88;11.88;11.88;11.01;0;stock;11.01;0.0;11.88;-0.0;100.0;ESTAVEL
2020-01-17;1579219200000;PINE3.SA;11.88;11.88;11.88;11.88;11.01;0;stock;11.01;0.0;11.88;-0.0;100.0;ESTAVEL
2020-01-20;1579478400000;PINE3.SA;11.88;11.88;11.88;11.88;11.01;0;stock;11.01;0.0;11.88;-0.0;100.0;ESTAVEL
2020-01-21;1579564800000;PINE3.SA;11.88;11.88;11.88;11.88;11.01;0;stock;11.01;0.0;11.88;-0.0;100.0;ESTAVEL
2020-01-22;1579651200000;PINE3.SA;11.88;11.88;11.88;11.88;11.01;0;stock;11.01;0.0;11.88;-0.0;100.0;ESTAVEL
2020-01-23;1579737600000;PINE3.SA;11.88;11.88;11.88;11.88;11.01;0;stock;11.01;0.0;11.88;-0.0;100.0;ESTAVEL
2020-01-24;1579824000000;PINE3.SA;11.88;11.88;11.88;11.88;11.01;0;stock;11.01;0.0;11.88;-0.0;100.0;ESTAVEL
2020-01-27;1580083200000;PINE3.SA;11.88;11.88;11.88;11.88;11.01;0;stock;11.01;0.0;11.88;-0.0;100.0;ESTAVEL
2020-01-28;1580169600000;PINE3.SA;11.88;11.88;11.88;11.88;11.01;0;stock;11.01;0.0;11.88;-0.0;100.0;ESTAVEL
2020-01-29;1580256000000;PINE3.SA;11.88;11.88;11.88;11.88;11.01;0;stock;11.01;0.0;11.88;-0.0;100.0;ESTAVEL
2020-01-30;1580342400000;PINE3.SA;11.88;11.88;11.88;11.88;11.01;0;stock;11.01;0.0;11.88;-0.0;100.0;ESTAVEL
2020-01-31;1580428800000;PINE3.SA;11.88;11.88;11.88;11.88;11.01;0;stock;11.01;0.0;11.88;-0.0;100.0;ESTAVEL
2020-02-03;1580688000000;PINE3.SA;11.88;11.88;11.88;11.88;11.01;0;stock;11.01;0.0;11.88;-0.0;100.0;ESTAVEL
2020-02-04;1580774400000;PINE3.SA;11.88;11.88;11.88;11.88;11.01;0;stock;11.01;0.0;11.88;-0.0;100.0;ESTAVEL
2020-02-05;1580860800000;PINE3.SA;11.88;11.88;11.88;11.88;11.01;0;stock;11.01;0.0;11.88;-0.0;100.0;ESTAVEL
2020-02-06;1580947200000;PINE3.SA;11.88;11.88;11.88;11.88;11.01;0;stock;11.01;0.0;11.88;-0.0;100.0;ESTAVEL
2020-02-07;1581033600000;PINE3.SA;11.88;11.88;11.88;11.88;11.01;0;stock;11.01;0.0;11.88;-0.0;100.0;ESTAVEL
2020-02-10;1581292800000;PINE3.SA;11.88;11.88;11.88;11.88;11.01;0;stock;11.01;0.0;11.88;-0.0;100.0;ESTAVEL
2020-02-11;1581379200000;PINE3.SA;11.88;11.88;11.88;11.88;11.01;0;stock;11.01;0.0;11.88;-0.0;100.0;ESTAVEL
2020-02-12;1581465600000;PINE3.SA;11.88;11.88;11.88;11.88;11.01;0;stock;11.01;0.0;11.88;-0.0;100.0;ESTAVEL
2020-02-13;1581552000000;PINE3.SA;11.88;11.88;11.88;11.88;11.01;0;stock;11.01;0.0;11.88;-0.0;100.0;ESTAVEL
2020-02-14;1581638400000;PINE3.SA;11.88;11.88;11.88;11.88;11.01;0;stock;11.01;0.0;11.88;-0.0;100.0;ESTAVEL
2020-02-17;1581897600000;PINE3.SA;11.88;11.88;11.88;11.88;11.01;0;stock;11.01;0.0;11.88;-0.0;100.0;ESTAVEL
2020-02-18;1581984000000;PINE3.SA;11.88;11.88;11.88;11.88;11.01;0;stock;11.01;0.0;11.88;-0.0;100.0;ESTAVEL
2020-02-19;1582070400000;PINE3.SA;11.88;11.88;11.88;11.88;11.01;0;stock;11.01;0.0;11.88;-0.0;100.0;ESTAVEL
2020-02-20;1582156800000;PINE3.SA;11.88;11.88;11.88;11.88;11.01;0;stock;11.01;0.0;11.88;-0.0;100.0;ESTAVEL
2020-02-21;1582243200000;PINE3.SA;11.88;11.88;11.88;11.88;11.01;0;stock;11.01;0.0;11.88;-0.0;100.0;ESTAVEL
2020-02-26;1582675200000;PINE3.SA;11.88;11.88;11.88;11.88;11.01;0;stock;11.01;0.0;11.88;-0.0;100.0;ESTAVEL
2020-02-27;1582761600000;PINE3.SA;11.88;11.88;11.88;11.88;11.01;0;stock;11.01;0.0;11.88;-0.0;100.0;ESTAVEL
2020-02-28;1582848000000;PINE3.SA;11.88;11.88;11.88;11.88;11.01;0;stock;11.01;0.0;11.88;-0.0;100.0;ESTAVEL
2020-03-02;1583107200000;PINE3.SA;11.88;11.88;11.88;11.88;11.01;0;stock;11.01;0.0;11.88;-0.0;100.0;ESTAVEL
2020-03-03;1583193600000;PINE3.SA;11.88;11.88;11.88;11.88;11.01;0;stock;11.01;0.0;11.88;-0.0;100.0;ESTAVEL
2020-03-04;1583280000000;PINE3.SA;11.88;11.88;11.88;11.88;11.01;0;stock;11.01;0.0;11.88;-0.0;100.0;ESTAVEL
2020-03-05;1583366400000;PINE3.SA;11.88;11.88;11.88;11.88;11.01;0;stock;11.01;0.0;11.88;-0.0;100.0;ESTAVEL
2020-03-06;1583452800000;PINE3.SA;11.88;11.88;11.88;11.88;11.01;0;stock;11.01;0.0;11.88;-0.0;100.0;ESTAVEL
2020-03-09;1583712000000;PINE3.SA;11.88;11.88;11.88;11.88;11.01;0;stock;11.01;0.0;11.88;-0.0;100.0;ESTAVEL
2020-03-10;1583798400000;PINE3.SA;11.88;11.88;11.88;11.88;11.01;0;stock;11.01;0.0;11.88;-0.0;100.0;ESTAVEL
2020-03-11;1583884800000;PINE3.SA;11.88;11.88;11.88;11.88;11.01;0;stock;11.01;0.0;11.88;-0.0;100.0;ESTAVEL
2020-03-12;1583971200000;PINE3.SA;11.88;11.88;11.88;11.88;11.01;0;stock;11.01;0.0;11.88;-0.0;100.0;ESTAVEL
2020-03-13;1584057600000;PINE3.SA;11.88;11.88;11.88;11.88;11.01;0;stock;11.01;0.0;11.88;-0.0;100.0;ESTAVEL
2020-03-16;1584316800000;PINE3.SA;11.88;11.88;11.88;11.88;11.01;0;stock;11.01;0.0;11.88;-0.0;100.0;ESTAVEL
2020-03-17;1584403200000;PINE3.SA;11.88;11.88;11.88;11.88;11.01;0;stock;11.01;0.0;11.88;-0.0;100.0;ESTAVEL
2020-03-18;1584489600000;PINE3.SA;11.88;11.88;11.88;11.88;11.01;0;stock;11.01;0.0;11.88;-0.0;100.0;ESTAVEL
2020-03-19;1584576000000;PINE3.SA;11.88;11.88;11.88;11.88;11.01;0;stock;11.01;0.0;11.88;-0.0;100.0;ESTAVEL
2020-03-20;1584662400000;PINE3.SA;11.88;11.88;11.88;11.88;11.01;0;stock;11.01;0.0;11.88;-0.0;100.0;ESTAVEL
2020-03-23;1584921600000;PINE3.SA;11.88;11.88;11.88;11.88;11.01;0;stock;11.01;0.0;11.88;-0.0;100.0;ESTAVEL
2020-03-24;1585008000000;PINE3.SA;11.88;11.88;11.88;11.88;11.01;0;stock;11.01;0.0;11.88;-0.0;100.0;ESTAVEL
2020-03-25;1585094400000;PINE3.SA;11.88;11.88;11.88;11.88;11.01;0;stock;11.01;0.0;11.88;-0.0;100.0;ESTAVEL
2020-03-26;1585180800000;PINE3.SA;11.88;11.88;11.88;11.88;11.01;0;stock;11.01;0.0;11.88;-0.0;100.0;ESTAVEL
2020-03-27;1585267200000;PINE3.SA;11.88;11.88;11.88;11.88;11.01;0;stock;11.01;0.0;11.88;-0.0;100.0;ESTAVEL
2020-03-30;1585526400000;PINE3.SA;11.88;11.88;11.88;11.88;11.01;0;stock;11.01;0.0;11.88;-0.0;100.0;ESTAVEL
2020-03-31;1585612800000;PINE3.SA;11.88;11.88;11.88;11.88;11.01;0;stock;11.01;0.0;11.88;-0.0;100.0;ESTAVEL
2020-04-01;1585699200000;PINE3.SA;11.88;11.88;11.88;11.88;11.01;0;stock;11.01;0.0;11.88;-0.0;100.0;ESTAVEL
2020-04-02;1585785600000;PINE3.SA;11.88;11.88;11.88;11.88;11.01;0;stock;11.01;0.0;11.88;-0.0;100.0;ESTAVEL
2020-04-03;1585872000000;PINE3.SA;11.88;11.88;11.88;11.88;11.01;0;stock;11.01;0.0;11.88;-0.0;100.0;ESTAVEL
2020-04-06;1586131200000;PINE3.SA;11.88;11.88;11.88;11.88;11.01;0;stock;11.01;0.0;11.88;-0.0;100.0;ESTAVEL
2020-04-07;1586217600000;PINE3.SA;11.88;11.88;11.88;11.88;11.01;0;stock;11.01;0.0;11.88;-0.0;100.0;ESTAVEL
2020-04-08;1586304000000;PINE3.SA;11.88;11.88;11.88;11.88;11.01;0;stock;11.01;0.0;11.88;-0.0;100.0;ESTAVEL
2020-04-09;1586390400000;PINE3.SA;11.88;11.88;11.88;11.88;11.01;0;stock;11.01;0.0;11.88;-0.0;100.0;ESTAVEL
2020-04-13;1586736000000;PINE3.SA;11.88;11.88;11.88;11.88;11.01;0;stock;11.01;0.0;11.88;-0.0;100.0;ESTAVEL
2020-04-14;1586822400000;PINE3.SA;11.88;11.88;11.88;11.88;11.01;0;stock;11.01;0.0;11.88;-0.0;100.0;ESTAVEL
2020-04-15;1586908800000;PINE3.SA;11.88;11.88;11.88;11.88;11.01;0;stock;11.01;0.0;11.88;-0.0;100.0;ESTAVEL
2020-04-16;1586995200000;PINE3.SA;11.88;11.88;11.88;11.88;11.01;0;stock;11.01;0.0;11.88;-0.0;100.0;ESTAVEL
2020-04-17;1587081600000;PINE3.SA;11.88;11.88;11.88;11.88;11.01;0;stock;11.01;0.0;11.88;-0.0;100.0;ESTAVEL
2020-04-20;1587340800000;PINE3.SA;11.88;11.88;11.88;11.88;11.01;0;stock;11.01;0.0;11.88;-0.0;100.0;ESTAVEL
2020-04-22;1587513600000;PINE3.SA;11.88;11.88;11.88;11.88;11.01;0;stock;11.01;0.0;11.88;-0.0;100.0;ESTAVEL
2020-04-23;1587600000000;PINE3.SA;11.88;11.88;11.88;11.88;11.01;0;stock;11.01;0.0;11.88;-0.0;100.0;ESTAVEL
2020-04-24;1587686400000;PINE3.SA;11.88;11.88;11.88;11.88;11.01;0;stock;11.01;0.0;11.88;-0.0;100.0;ESTAVEL
2020-04-27;1587945600000;PINE3.SA;11.88;11.88;11.88;11.88;11.01;0;stock;11.01;0.0;11.88;-0.0;100.0;ESTAVEL
2020-04-28;1588032000000;PINE3.SA;11.88;11.88;11.88;11.88;11.01;0;stock;11.01;0.0;11.88;-0.0;100.0;ESTAVEL
2020-04-29;1588118400000;PINE3.SA;11.88;11.88;11.88;11.88;11.01;0;stock;11.01;0.0;11.88;-0.0;100.0;ESTAVEL
2020-04-30;1588204800000;PINE3.SA;11.88;11.88;11.88;11.88;11.01;0;stock;11.01;0.0;11.88;-0.0;100.0;ESTAVEL
2020-05-04;1588550400000;PINE3.SA;11.88;11.88;11.88;11.88;11.01;0;stock;11.01;0.0;11.88;-0.0;100.0;ESTAVEL
2020-05-05;1588636800000;PINE3.SA;11.88;11.88;11.88;11.88;11.01;0;stock;11.01;0.0;11.88;-0.0;100.0;ESTAVEL
2020-05-06;1588723200000;PINE3.SA;11.88;11.88;11.88;11.88;11.01;0;stock;11.01;0.0;11.88;-0.0;100.0;ESTAVEL
2020-05-07;1588809600000;PINE3.SA;11.88;11.88;11.88;11.88;11.01;0;stock;11.01;0.0;11.88;-0.0;100.0;ESTAVEL
2020-05-08;1588896000000;PINE3.SA;11.88;11.88;11.88;11.88;11.01;0;stock;11.01;0.0;11.88;-0.0;100.0;ESTAVEL
2020-05-11;1589155200000;PINE3.SA;11.88;11.88;11.88;11.88;11.01;0;stock;11.01;0.0;11.88;-0.0;100.0;ESTAVEL
2020-05-12;1589241600000;PINE3.SA;11.88;11.88;11.88;11.88;11.01;0;stock;11.01;0.0;11.88;-0.0;100.0;ESTAVEL
2020-05-13;1589328000000;PINE3.SA;11.88;11.88;11.88;11.88;11.01;0;stock;11.01;0.0;11.88;-0.0;100.0;ESTAVEL
2020-05-14;1589414400000;PINE3.SA;11.88;11.88;11.88;11.88;11.01;0;stock;11.01;0.0;11.88;-0.0;100.0;ESTAVEL
2020-05-15;1589500800000;PINE3.SA;11.88;11.88;11.88;11.88;11.01;0;stock;11.01;0.0;11.88;-0.0;100.0;ESTAVEL
2020-05-18;1589760000000;PINE3.SA;11.88;11.88;11.88;11.88;11.01;0;stock;11.01;0.0;11.88;-0.0;100.0;ESTAVEL
2020-05-19;1589846400000;PINE3.SA;11.88;11.88;11.88;11.88;11.01;0;stock;11.01;0.0;11.88;-0.0;100.0;ESTAVEL
2020-05-20;1589932800000;PINE3.SA;11.88;11.88;11.88;11.88;11.01;0;stock;11.01;0.0;11.88;-0.0;100.0;ESTAVEL
2020-05-21;1590019200000;PINE3.SA;11.88;11.88;11.88;11.88;11.01;0;stock;11.01;0.0;11.88;-0.0;100.0;ESTAVEL
2020-05-22;1590105600000;PINE3.SA;11.88;11.88;11.88;11.88;11.01;0;stock;11.01;0.0;11.88;-0.0;100.0;ESTAVEL
2020-05-25;1590364800000;PINE3.SA;11.88;11.88;11.88;11.88;11.01;0;stock;11.01;0.0;11.88;-0.0;100.0;ESTAVEL
2020-05-26;1590451200000;PINE3.SA;11.88;11.88;11.88;11.88;11.01;0;stock;11.01;0.0;11.88;-0.0;100.0;ESTAVEL
2020-05-27;1590537600000;PINE3.SA;11.88;11.88;11.88;11.88;11.01;0;stock;11.01;0.0;11.88;-0.0;100.0;ESTAVEL
2020-05-28;1590624000000;PINE3.SA;11.88;11.88;11.88;11.88;11.01;0;stock;11.01;0.0;11.88;-0.0;100.0;ESTAVEL
2020-05-29;1590710400000;PINE3.SA;11.88;11.88;11.88;11.88;11.01;0;stock;11.01;0.0;11.88;-0.0;100.0;ESTAVEL
2020-06-01;1590969600000;PINE3.SA;11.88;11.88;11.88;11.88;11.01;0;stock;11.01;0.0;11.88;-0.0;100.0;ESTAVEL
2020-06-02;1591056000000;PINE3.SA;11.88;11.88;11.88;11.88;11.01;0;stock;11.01;0.0;11.88;-0.0;100.0;ESTAVEL
2020-06-03;1591142400000;PINE3.SA;11.88;11.88;11.88;11.88;11.01;0;stock;11.01;0.0;11.88;-0.0;100.0;ESTAVEL
2020-06-04;1591228800000;PINE3.SA;11.88;11.88;11.88;11.88;11.01;0;stock;11.01;0.0;11.88;-0.0;100.0;ESTAVEL
2020-06-05;1591315200000;PINE3.SA;11.88;11.88;11.88;11.88;11.01;0;stock;11.01;0.0;11.88;-0.0;100.0;ESTAVEL
2020-06-08;1591574400000;PINE3.SA;11.88;11.88;11.88;11.88;11.01;0;stock;11.01;0.0;11.88;-0.0;100.0;ESTAVEL
2020-06-09;1591660800000;PINE3.SA;11.88;11.88;11.88;11.88;11.01;0;stock;11.01;0.0;11.88;-0.0;100.0;ESTAVEL
2020-06-10;1591747200000;PINE3.SA;11.88;11.88;11.88;11.88;11.01;0;stock;11.01;0.0;11.88;-0.0;100.0;ESTAVEL
2020-06-12;1591920000000;PINE3.SA;11.88;11.88;11.88;11.88;11.01;0;stock;11.01;0.0;11.88;-0.0;100.0;ESTAVEL
2020-06-15;1592179200000;PINE3.SA;11.88;11.88;11.88;11.88;11.01;0;stock;11.01;0.0;11.88;-0.0;100.0;ESTAVEL
2020-06-16;1592265600000;PINE3.SA;11.88;11.88;11.88;11.88;11.01;0;stock;11.01;0.0;11.88;-0.0;100.0;ESTAVEL
2020-06-17;1592352000000;PINE3.SA;11.88;11.88;11.88;11.88;11.01;0;stock;11.01;0.0;11.88;-0.0;100.0;ESTAVEL
2020-06-18;1592438400000;PINE3.SA;11.88;11.88;11.88;11.88;11.01;0;stock;11.01;0.0;11.88;-0.0;100.0;ESTAVEL
2020-06-19;1592524800000;PINE3.SA;11.88;11.88;11.88;11.88;11.01;0;stock;11.01;0.0;11.88;-0.0;100.0;ESTAVEL
2020-06-22;1592784000000;PINE3.SA;11.88;11.88;11.88;11.88;11.01;0;stock;11.01;0.0;11.88;-0.0;100.0;ESTAVEL
2020-06-23;1592870400000;PINE3.SA;11.88;11.88;11.88;11.88;11.01;0;stock;11.01;0.0;11.88;-0.0;100.0;ESTAVEL
2020-06-24;1592956800000;PINE3.SA;11.88;11.88;11.88;11.88;11.01;0;stock;11.01;0.0;11.88;-0.0;100.0;ESTAVEL
2020-06-25;1593043200000;PINE3.SA;11.88;11.88;11.88;11.88;11.01;0;stock;11.01;0.0;11.88;-0.0;100.0;ESTAVEL
2020-06-26;1593129600000;PINE3.SA;11.88;11.88;11.88;11.88;11.01;0;stock;11.01;0.0;11.88;-0.0;100.0;ESTAVEL
2020-06-29;1593388800000;PINE3.SA;11.88;11.88;11.88;11.88;11.01;0;stock;11.01;0.0;11.88;-0.0;100.0;ESTAVEL
2020-06-30;1593475200000;PINE3.SA;11.88;11.88;11.88;11.88;11.01;0;stock;11.01;0.0;11.88;-0.0;100.0;ESTAVEL
2020-07-01;1593561600000;PINE3.SA;11.88;11.88;11.88;11.88;11.01;0;stock;11.01;0.0;11.88;-0.0;100.0;ESTAVEL
2020-07-02;1593648000000;PINE3.SA;11.88;11.88;11.88;11.88;11.01;0;stock;11.01;0.0;11.88;-0.0;100.0;ESTAVEL
2020-07-03;1593734400000;PINE3.SA;11.88;11.88;11.88;11.88;11.01;0;stock;11.01;0.0;11.88;-0.0;100.0;ESTAVEL
2020-07-06;1593993600000;PINE3.SA;11.88;11.88;11.88;11.88;11.01;0;stock;11.01;0.0;11.88;-0.0;100.0;ESTAVEL
2020-07-07;1594080000000;PINE3.SA;11.88;11.88;11.88;11.88;11.01;0;stock;11.01;0.0;11.88;-0.0;100.0;ESTAVEL
2020-07-08;1594166400000;PINE3.SA;11.88;11.88;11.88;11.88;11.01;0;stock;11.01;0.0;11.88;-0.0;100.0;ESTAVEL
2020-07-09;1594252800000;PINE3.SA;11.88;11.88;11.88;11.88;11.01;0;stock;11.01;0.0;11.88;-0.0;100.0;ESTAVEL
2020-07-10;1594339200000;PINE3.SA;11.88;11.88;11.88;11.88;11.01;0;stock;11.01;0.0;11.88;-0.0;100.0;ESTAVEL
2020-07-13;1594598400000;PINE3.SA;11.88;11.88;11.88;11.88;11.01;0;stock;11.01;0.0;11.88;-0.0;100.0;ESTAVEL
2020-07-14;1594684800000;PINE3.SA;11.88;11.88;11.88;11.88;11.01;0;stock;11.01;0.0;11.88;-0.0;100.0;ESTAVEL
2020-07-15;1594771200000;PINE3.SA;11.88;11.88;11.88;11.88;11.01;0;stock;11.01;0.0;11.88;-0.0;100.0;ESTAVEL
2020-07-16;1594857600000;PINE3.SA;11.88;11.88;11.88;11.88;11.01;0;stock;11.01;0.0;11.88;-0.0;100.0;ESTAVEL
2020-07-17;1594944000000;PINE3.SA;11.88;11.88;11.88;11.88;11.01;0;stock;11.01;0.0;11.88;-0.0;100.0;ESTAVEL
2020-07-20;1595203200000;PINE3.SA;11.88;11.88;11.88;11.88;11.01;0;stock;11.01;0.0;11.88;-0.0;100.0;ESTAVEL
2020-07-21;1595289600000;PINE3.SA;11.88;11.88;11.88;11.88;11.01;0;stock;11.01;0.0;11.88;-0.0;100.0;ESTAVEL
2020-07-22;1595376000000;PINE3.SA;11.88;11.88;11.88;11.88;11.01;0;stock;11.01;0.0;11.88;-0.0;100.0;ESTAVEL
2020-07-23;1595462400000;PINE3.SA;11.88;11.88;11.88;11.88;11.01;0;stock;11.01;0.0;11.88;-0.0;100.0;ESTAVEL
2020-07-24;1595548800000;PINE3.SA;11.88;11.88;11.88;11.88;11.01;0;stock;11.01;0.0;11.88;-0.0;100.0;ESTAVEL
2020-07-27;1595808000000;PINE3.SA;11.88;11.88;11.88;11.88;11.01;0;stock;11.01;0.0;11.88;-0.0;100.0;ESTAVEL
2020-07-28;1595894400000;PINE3.SA;11.88;11.88;11.88;11.88;11.01;0;stock;11.01;0.0;11.88;-0.0;100.0;ESTAVEL
2020-07-29;1595980800000;PINE3.SA;11.88;11.88;11.88;11.88;11.01;0;stock;11.01;0.0;11.88;-0.0;100.0;ESTAVEL
2020-07-30;1596067200000;PINE3.SA;11.88;11.88;11.88;11.88;11.01;0;stock;11.01;0.0;11.88;-0.0;100.0;ESTAVEL
2020-07-31;1596153600000;PINE3.SA;11.88;11.88;11.88;11.88;11.01;0;stock;11.01;0.0;11.88;-0.0;100.0;ESTAVEL
2020-08-03;1596412800000;PINE3.SA;11.88;11.88;11.88;11.88;11.01;0;stock;11.01;0.0;11.88;-0.0;100.0;ESTAVEL
2020-08-04;1596499200000;PINE3.SA;11.88;11.88;11.88;11.88;11.01;0;stock;11.01;0.0;11.88;-0.0;100.0;ESTAVEL
2020-08-05;1596585600000;PINE3.SA;11.88;11.88;11.88;11.88;11.01;0;stock;11.01;0.0;11.88;-0.0;100.0;ESTAVEL
2020-08-06;1596672000000;PINE3.SA;11.88;11.88;11.88;11.88;11.01;0;stock;11.01;0.0;11.88;-0.0;100.0;ESTAVEL
2020-08-07;1596758400000;PINE3.SA;11.88;11.88;11.88;11.88;11.01;0;stock;11.01;0.0;11.88;-0.0;100.0;ESTAVEL
2020-08-10;1597017600000;PINE3.SA;11.88;11.88;11.88;11.88;11.01;0;stock;11.01;0.0;11.88;-0.0;100.0;ESTAVEL
2020-08-11;1597104000000;PINE3.SA;11.88;11.88;11.88;11.88;11.01;0;stock;11.01;0.0;11.88;-0.0;100.0;ESTAVEL
2020-08-12;1597190400000;PINE3.SA;11.88;11.88;11.88;11.88;11.01;0;stock;11.01;0.0;11.88;-0.0;100.0;ESTAVEL
2020-08-13;1597276800000;PINE3.SA;11.88;11.88;11.88;11.88;11.01;0;stock;11.01;0.0;11.88;-0.0;100.0;ESTAVEL
2020-08-14;1597363200000;PINE3.SA;11.88;11.88;11.88;11.88;11.01;0;stock;11.01;0.0;11.88;-0.0;100.0;ESTAVEL
2020-08-17;1597622400000;PINE3.SA;11.88;11.88;11.88;11.88;11.01;0;stock;11.01;0.0;11.88;-0.0;100.0;ESTAVEL
2020-08-18;1597708800000;PINE3.SA;11.88;11.88;11.88;11.88;11.01;0;stock;11.01;0.0;11.88;-0.0;100.0;ESTAVEL
2020-08-19;1597795200000;PINE3.SA;11.88;11.88;11.88;11.88;11.01;0;stock;11.01;0.0;11.88;-0.0;100.0;ESTAVEL
2020-08-20;1597881600000;PINE3.SA;11.88;11.88;11.88;11.88;11.01;0;stock;11.01;0.0;11.88;-0.0;100.0;ESTAVEL
2020-08-21;1597968000000;PINE3.SA;11.88;11.88;11.88;11.88;11.01;0;stock;11.01;0.0;11.88;-0.0;100.0;ESTAVEL
2020-08-24;1598227200000;PINE3.SA;11.88;11.88;11.88;11.88;11.01;0;stock;11.01;0.0;11.88;-0.0;100.0;ESTAVEL
2020-08-25;1598313600000;PINE3.SA;11.88;11.88;11.88;11.88;11.01;0;stock;11.01;0.0;11.88;-0.0;100.0;ESTAVEL
2020-08-26;1598400000000;PINE3.SA;11.88;11.88;11.88;11.88;11.01;0;stock;11.01;0.0;11.88;-0.0;100.0;ESTAVEL
2020-08-27;1598486400000;PINE3.SA;11.88;11.88;11.88;11.88;11.01;0;stock;11.01;0.0;11.88;-0.0;100.0;ESTAVEL
2020-08-28;1598572800000;PINE3.SA;11.88;11.88;11.88;11.88;11.01;0;stock;11.01;0.0;11.88;-0.0;100.0;ESTAVEL
2020-08-31;1598832000000;PINE3.SA;11.88;11.88;11.88;11.88;11.01;0;stock;11.01;0.0;11.88;-0.0;100.0;ESTAVEL
2020-09-01;1598918400000;PINE3.SA;11.88;11.88;11.88;11.88;11.01;0;stock;11.01;0.0;11.88;-0.0;100.0;ESTAVEL
2020-09-02;1599004800000;PINE3.SA;11.88;11.88;11.88;11.88;11.01;0;stock;11.01;0.0;11.88;-0.0;100.0;ESTAVEL
2020-09-03;1599091200000;PINE3.SA;11.88;11.88;11.88;11.88;11.01;0;stock;11.01;0.0;11.88;-0.0;100.0;ESTAVEL
2020-09-04;1599177600000;PINE3.SA;11.88;11.88;11.88;11.88;11.01;0;stock;11.01;0.0;11.88;-0.0;100.0;ESTAVEL
2020-09-08;1599523200000;PINE3.SA;11.88;11.88;11.88;11.88;11.01;0;stock;11.01;0.0;11.88;-0.0;100.0;ESTAVEL
2020-09-09;1599609600000;PINE3.SA;11.88;11.88;11.88;11.88;11.01;0;stock;11.01;0.0;11.88;-0.0;100.0;ESTAVEL
2020-09-10;1599696000000;PINE3.SA;11.88;11.88;11.88;11.88;11.01;0;stock;11.01;0.0;11.88;-0.0;100.0;ESTAVEL
2020-09-11;1599782400000;PINE3.SA;11.88;11.88;11.88;11.88;11.01;0;stock;11.01;0.0;11.88;-0.0;100.0;ESTAVEL
2020-09-14;1600041600000;PINE3.SA;11.88;11.88;11.88;11.88;11.01;0;stock;11.01;0.0;11.88;-0.0;100.0;ESTAVEL
2020-09-15;1600128000000;PINE3.SA;11.88;11.88;11.88;11.88;11.01;0;stock;11.01;0.0;11.88;-0.0;100.0;ESTAVEL
2020-09-16;1600214400000;PINE3.SA;11.88;11.88;11.88;11.88;11.01;0;stock;11.01;0.0;11.88;-0.0;100.0;ESTAVEL
2020-09-17;1600300800000;PINE3.SA;11.88;11.88;11.88;11.88;11.01;0;stock;11.01;0.0;11.88;-0.0;100.0;ESTAVEL
2020-09-18;1600387200000;PINE3.SA;11.88;11.88;11.88;11.88;11.01;0;stock;11.01;0.0;11.88;-0.0;100.0;ESTAVEL
2020-09-21;1600646400000;PINE3.SA;11.88;11.88;11.88;11.88;11.01;0;stock;11.01;0.0;11.88;-0.0;100.0;ESTAVEL
2020-09-22;1600732800000;PINE3.SA;11.88;11.88;11.88;11.88;11.01;0;stock;11.01;0.0;11.88;-0.0;100.0;ESTAVEL
2020-09-23;1600819200000;PINE3.SA;11.88;11.88;11.88;11.88;11.01;0;stock;11.01;0.0;11.88;-0.0;100.0;ESTAVEL
2020-09-24;1600905600000;PINE3.SA;11.88;11.88;11.88;11.88;11.01;0;stock;11.01;0.0;11.88;-0.0;100.0;ESTAVEL
2020-09-25;1600992000000;PINE3.SA;11.88;11.88;11.88;11.88;11.01;0;stock;11.01;0.0;11.88;-0.0;100.0;ESTAVEL
2020-09-28;1601251200000;PINE3.SA;11.88;11.88;11.88;11.88;11.01;0;stock;11.01;0.0;11.88;-0.0;100.0;ESTAVEL
2020-09-29;1601337600000;PINE3.SA;11.88;11.88;11.88;11.88;11.01;0;stock;11.01;0.0;11.88;-0.0;100.0;ESTAVEL
2020-09-30;1601424000000;PINE3.SA;11.88;11.88;11.88;11.88;11.01;0;stock;11.01;0.0;11.88;-0.0;100.0;ESTAVEL
2020-10-01;1601510400000;PINE3.SA;11.88;11.88;11.88;11.88;11.01;0;stock;11.01;0.0;11.88;-0.0;100.0;ESTAVEL
2020-10-02;1601596800000;PINE3.SA;11.88;11.88;11.88;11.88;11.01;0;stock;11.01;0.0;11.88;-0.0;100.0;ESTAVEL
2020-10-05;1601856000000;PINE3.SA;11.88;11.88;11.88;11.88;11.01;0;stock;11.01;0.0;11.88;-0.0;100.0;ESTAVEL
2020-10-06;1601942400000;PINE3.SA;11.88;11.88;11.88;11.88;11.01;0;stock;11.01;0.0;11.88;-0.0;100.0;ESTAVEL
2020-10-07;1602028800000;PINE3.SA;11.88;11.88;11.88;11.88;11.01;0;stock;11.01;0.0;11.88;-0.0;100.0;ESTAVEL
2020-10-08;1602115200000;PINE3.SA;11.88;11.88;11.88;11.88;11.01;0;stock;11.01;0.0;11.88;-0.0;100.0;ESTAVEL
2020-10-09;1602201600000;PINE3.SA;11.88;11.88;11.88;11.88;11.01;0;stock;11.01;0.0;11.88;-0.0;100.0;ESTAVEL
2020-10-13;1602547200000;PINE3.SA;11.88;11.88;11.88;11.88;11.01;0;stock;11.01;0.0;11.88;-0.0;100.0;ESTAVEL
2020-10-14;1602633600000;PINE3.SA;11.88;11.88;11.88;11.88;11.01;0;stock;11.01;0.0;11.88;-0.0;100.0;ESTAVEL
2020-10-15;1602720000000;PINE3.SA;11.88;11.88;11.88;11.88;11.01;0;stock;11.01;0.0;11.88;-0.0;100.0;ESTAVEL
2020-10-16;1602806400000;PINE3.SA;11.88;11.88;11.88;11.88;11.01;0;stock;11.01;0.0;11.88;-0.0;100.0;ESTAVEL
2020-10-19;1603065600000;PINE3.SA;11.88;11.88;11.88;11.88;11.01;0;stock;11.01;0.0;11.88;-0.0;100.0;ESTAVEL
2020-10-20;1603152000000;PINE3.SA;11.88;11.88;11.88;11.88;11.01;0;stock;11.01;0.0;11.88;-0.0;100.0;ESTAVEL
2020-10-21;1603238400000;PINE3.SA;11.88;11.88;11.88;11.88;11.01;0;stock;11.01;0.0;11.88;-0.0;100.0;ESTAVEL
2020-10-22;1603324800000;PINE3.SA;11.88;11.88;11.88;11.88;11.01;0;stock;11.01;0.0;11.88;-0.0;100.0;ESTAVEL
2020-10-23;1603411200000;PINE3.SA;11.88;11.88;11.88;11.88;11.01;0;stock;11.01;0.0;11.88;-0.0;100.0;ESTAVEL
2020-10-26;1603670400000;PINE3.SA;11.88;11.88;11.88;11.88;11.01;0;stock;11.01;0.0;11.88;-0.0;100.0;ESTAVEL
2020-10-27;1603756800000;PINE3.SA;11.88;11.88;11.88;11.88;11.01;0;stock;11.01;0.0;11.88;-0.0;100.0;ESTAVEL
2020-10-28;1603843200000;PINE3.SA;11.88;11.88;11.88;11.88;11.01;0;stock;11.01;0.0;11.88;-0.0;100.0;ESTAVEL
2020-10-29;1603929600000;PINE3.SA;11.88;11.88;11.88;11.88;11.01;0;stock;11.01;0.0;11.88;-0.0;100.0;ESTAVEL
2020-10-30;1604016000000;PINE3.SA;11.88;11.88;11.88;11.88;11.01;0;stock;11.01;0.0;11.88;-0.0;100.0;ESTAVEL
2020-11-03;1604361600000;PINE3.SA;11.88;11.88;11.88;11.88;11.01;0;stock;11.01;0.0;11.88;-0.0;100.0;ESTAVEL
2020-11-04;1604448000000;PINE3.SA;11.88;11.88;11.88;11.88;11.01;0;stock;11.01;0.0;11.88;-0.0;100.0;ESTAVEL
2020-11-05;1604534400000;PINE3.SA;11.88;11.88;11.88;11.88;11.01;0;stock;11.01;0.0;11.88;-0.0;100.0;ESTAVEL
2020-11-06;1604620800000;PINE3.SA;11.88;11.88;11.88;11.88;11.01;0;stock;11.01;0.0;11.88;-0.0;100.0;ESTAVEL
2020-11-09;1604880000000;PINE3.SA;11.88;11.88;11.88;11.88;11.01;0;stock;11.01;0.0;11.88;-0.0;100.0;ESTAVEL
2020-11-10;1604966400000;PINE3.SA;11.88;11.88;11.88;11.88;11.01;0;stock;11.01;0.0;11.88;-0.0;100.0;ESTAVEL
2020-11-11;1605052800000;PINE3.SA;11.88;11.88;11.88;11.88;11.01;0;stock;11.01;0.0;11.88;-0.0;100.0;ESTAVEL
2020-11-12;1605139200000;PINE3.SA;11.88;11.88;11.88;11.88;11.01;0;stock;11.01;0.0;11.88;-0.0;100.0;ESTAVEL
2020-11-13;1605225600000;PINE3.SA;11.88;11.88;11.88;11.88;11.01;0;stock;11.01;0.0;11.88;-0.0;100.0;ESTAVEL
2020-11-16;1605484800000;PINE3.SA;11.88;11.88;11.88;11.88;11.01;0;stock;11.01;0.0;11.88;-0.0;100.0;ESTAVEL
2020-11-17;1605571200000;PINE3.SA;11.88;11.88;11.88;11.88;11.01;0;stock;11.01;0.0;11.88;-0.0;100.0;ESTAVEL
2020-11-18;1605657600000;PINE3.SA;11.88;11.88;11.88;11.88;11.01;0;stock;11.01;0.0;11.88;-0.0;100.0;ESTAVEL
2020-11-19;1605744000000;PINE3.SA;11.88;11.88;11.88;11.88;11.01;0;stock;11.01;0.0;11.88;-0.0;100.0;ESTAVEL
2020-11-23;1606089600000;PINE3.SA;11.88;11.88;11.88;11.88;11.01;0;stock;11.01;0.0;11.88;-0.0;100.0;ESTAVEL
2020-11-24;1606176000000;PINE3.SA;11.88;11.88;11.88;11.88;11.01;0;stock;11.01;0.0;11.88;-0.0;100.0;ESTAVEL
2020-11-25;1606262400000;PINE3.SA;11.88;11.88;11.88;11.88;11.01;0;stock;11.01;0.0;11.88;-0.0;100.0;ESTAVEL
2020-11-26;1606348800000;PINE3.SA;11.88;11.88;11.88;11.88;11.01;0;stock;11.01;0.0;11.88;-0.0;100.0;ESTAVEL
2020-11-27;1606435200000;PINE3.SA;11.88;11.88;11.88;11.88;11.01;0;stock;11.01;0.0;11.88;-0.0;100.0;ESTAVEL
2020-11-30;1606694400000;PINE3.SA;11.88;11.88;11.88;11.88;11.01;0;stock;11.01;0.0;11.88;-0.0;100.0;ESTAVEL
2020-12-01;1606780800000;PINE3.SA;11.88;11.88;11.88;11.88;11.01;0;stock;11.01;0.0;11.88;-0.0;100.0;ESTAVEL
2020-12-02;1606867200000;PINE3.SA;11.88;11.88;11.88;11.88;11.01;0;stock;11.01;0.0;11.88;-0.0;100.0;ESTAVEL
2020-12-03;1606953600000;PINE3.SA;11.88;11.88;11.88;11.88;11.01;0;stock;11.01;0.0;11.88;-0.0;100.0;ESTAVEL
2020-12-04;1607040000000;PINE3.SA;11.88;11.88;11.88;11.88;11.01;0;stock;11.01;0.0;11.88;-0.0;100.0;ESTAVEL
2020-12-07;1607299200000;PINE3.SA;11.88;11.88;11.88;11.88;11.01;0;stock;11.01;0.0;11.88;-0.0;100.0;ESTAVEL
2020-12-08;1607385600000;PINE3.SA;11.88;11.88;11.88;11.88;11.01;0;stock;11.01;0.0;11.88;-0.0;100.0;ESTAVEL
2020-12-09;1607472000000;PINE3.SA;11.88;11.88;11.88;11.88;11.01;0;stock;11.01;0.0;11.88;-0.0;100.0;ESTAVEL
2020-12-10;1607558400000;PINE3.SA;11.88;11.88;11.88;11.88;11.01;0;stock;11.01;0.0;11.88;-0.0;100.0;ESTAVEL
2020-12-11;1607644800000;PINE3.SA;11.88;11.88;11.88;11.88;11.01;0;stock;11.01;0.0;11.88;-0.0;100.0;ESTAVEL
2020-12-14;1607904000000;PINE3.SA;11.88;11.88;11.88;11.88;11.01;0;stock;11.01;0.0;11.88;-0.0;100.0;ESTAVEL
2020-12-15;1607990400000;PINE3.SA;11.88;11.88;11.88;11.88;11.01;0;stock;11.01;0.0;11.88;-0.0;100.0;ESTAVEL
2020-12-16;1608076800000;PINE3.SA;11.88;11.88;11.88;11.88;11.01;0;stock;11.01;0.0;11.88;-0.0;100.0;ESTAVEL
2020-12-17;1608163200000;PINE3.SA;11.88;11.88;11.88;11.88;11.01;0;stock;11.01;0.0;11.88;-0.0;100.0;ESTAVEL
2020-12-18;1608249600000;PINE3.SA;11.88;11.88;11.88;11.88;11.01;0;stock;11.01;0.0;11.88;-0.0;100.0;ESTAVEL
2020-12-21;1608508800000;PINE3.SA;11.88;11.88;11.88;11.88;11.01;0;stock;11.01;0.0;11.88;-0.0;100.0;ESTAVEL
2020-12-22;1608595200000;PINE3.SA;11.88;11.88;11.88;11.88;11.01;0;stock;11.01;0.0;11.88;-0.0;100.0;ESTAVEL
2020-12-23;1608681600000;PINE3.SA;11.88;11.88;11.88;11.88;11.01;0;stock;11.01;0.0;11.88;-0.0;100.0;ESTAVEL
2020-12-28;1609113600000;PINE3.SA;11.88;11.88;11.88;11.88;11.01;0;stock;11.01;0.0;11.88;-0.0;100.0;ESTAVEL
2020-12-29;1609200000000;PINE3.SA;11.88;11.88;11.88;11.88;11.01;0;stock;11.01;0.0;11.88;-0.0;100.0;ESTAVEL
2020-12-30;1609286400000;PINE3.SA;11.88;11.88;11.88;11.88;11.01;0;stock;11.01;0.0;11.88;-0.0;100.0;ESTAVEL
2021-01-04;1609718400000;PINE3.SA;11.88;11.88;11.88;11.88;11.01;0;stock;11.01;0.0;11.88;-0.0;100.0;ESTAVEL
2021-01-05;1609804800000;PINE3.SA;11.88;11.88;11.88;11.88;11.01;0;stock;11.01;0.0;11.88;-0.0;100.0;ESTAVEL
2021-01-06;1609891200000;PINE3.SA;11.88;11.88;11.88;11.88;11.01;0;stock;11.01;0.0;11.88;-0.0;100.0;ESTAVEL
2021-01-07;1609977600000;PINE3.SA;11.88;11.88;11.88;11.88;11.01;0;stock;11.01;0.0;11.88;-0.0;100.0;ESTAVEL
2021-01-08;1610064000000;PINE3.SA;11.88;11.88;11.88;11.88;11.01;0;stock;11.01;0.0;11.88;-0.0;100.0;ESTAVEL
2021-01-11;1610323200000;PINE3.SA;11.88;11.88;11.88;11.88;11.01;0;stock;11.01;0.0;11.88;-0.0;100.0;ESTAVEL
2021-01-12;1610409600000;PINE3.SA;11.88;11.88;11.88;11.88;11.01;0;stock;11.01;0.0;11.88;-0.0;100.0;ESTAVEL
2021-01-13;1610496000000;PINE3.SA;11.88;11.88;11.88;11.88;11.01;0;stock;11.01;0.0;11.88;-0.0;100.0;ESTAVEL
2021-01-14;1610582400000;PINE3.SA;11.88;11.88;11.88;11.88;11.01;0;stock;11.01;0.0;11.88;-0.0;100.0;ESTAVEL
2021-01-15;1610668800000;PINE3.SA;11.88;11.88;11.88;11.88;11.01;0;stock;11.01;0.0;11.88;-0.0;100.0;ESTAVEL
2021-01-18;1610928000000;PINE3.SA;11.88;11.88;11.88;11.88;11.01;0;stock;11.01;0.0;11.88;-0.0;100.0;ESTAVEL
2021-01-19;1611014400000;PINE3.SA;11.88;11.88;11.88;11.88;11.01;0;stock;11.01;0.0;11.88;-0.0;100.0;ESTAVEL
2021-01-20;1611100800000;PINE3.SA;11.88;11.88;11.88;11.88;11.01;0;stock;11.01;0.0;11.88;-0.0;100.0;ESTAVEL
2021-01-21;1611187200000;PINE3.SA;11.88;11.88;11.88;11.88;11.01;0;stock;11.01;0.0;11.88;-0.0;100.0;ESTAVEL
2021-01-22;1611273600000;PINE3.SA;11.88;11.88;11.88;11.88;11.01;0;stock;11.01;0.0;11.88;-0.0;100.0;ESTAVEL
2021-01-26;1611619200000;PINE3.SA;11.88;11.88;11.88;11.88;11.01;0;stock;11.01;0.0;11.88;-0.0;100.0;ESTAVEL
2021-01-27;1611705600000;PINE3.SA;11.88;11.88;11.88;11.88;11.01;0;stock;11.01;0.0;11.88;-0.0;100.0;ESTAVEL
2021-01-28;1611792000000;PINE3.SA;11.88;11.88;11.88;11.88;11.01;0;stock;11.01;0.0;11.88;-0.0;100.0;ESTAVEL
2021-01-29;1611878400000;PINE3.SA;11.88;11.88;11.88;11.88;11.01;0;stock;11.01;0.0;11.88;-0.0;100.0;ESTAVEL
2021-02-01;1612137600000;PINE3.SA;11.88;11.88;11.88;11.88;11.01;0;stock;11.01;0.0;11.88;-0.0;100.0;ESTAVEL
2021-02-02;1612224000000;PINE3.SA;11.88;11.88;11.88;11.88;11.01;0;stock;11.01;0.0;11.88;-0.0;100.0;ESTAVEL
2021-02-03;1612310400000;PINE3.SA;11.88;11.88;11.88;11.88;11.01;0;stock;11.01;0.0;11.88;-0.0;100.0;ESTAVEL
2021-02-04;1612396800000;PINE3.SA;11.88;11.88;11.88;11.88;11.01;0;stock;11.01;0.0;11.88;-0.0;100.0;ESTAVEL
2021-02-05;1612483200000;PINE3.SA;11.88;11.88;11.88;11.88;11.01;0;stock;11.01;0.0;11.88;-0.0;100.0;ESTAVEL
2021-02-08;1612742400000;PINE3.SA;11.88;11.88;11.88;11.88;11.01;0;stock;11.01;0.0;11.88;-0.0;100.0;ESTAVEL
2021-02-09;1612828800000;PINE3.SA;11.88;11.88;11.88;11.88;11.01;0;stock;11.01;0.0;11.88;-0.0;100.0;ESTAVEL
2021-02-10;1612915200000;PINE3.SA;11.88;11.88;11.88;11.88;11.01;0;stock;11.01;0.0;11.88;-0.0;100.0;ESTAVEL
2021-02-11;1613001600000;PINE3.SA;11.88;11.88;11.88;11.88;11.01;0;stock;11.01;0.0;11.88;-0.0;100.0;ESTAVEL
2021-02-12;1613088000000;PINE3.SA;11.88;11.88;11.88;11.88;11.01;0;stock;11.01;0.0;11.88;-0.0;100.0;ESTAVEL
2021-02-17;1613520000000;PINE3.SA;11.88;11.88;11.88;11.88;11.01;0;stock;11.01;0.0;11.88;-0.0;100.0;ESTAVEL
2021-02-18;1613606400000;PINE3.SA;11.88;11.88;11.88;11.88;11.01;0;stock;11.01;0.0;11.88;-0.0;100.0;ESTAVEL
2021-02-19;1613692800000;PINE3.SA;11.88;11.88;11.88;11.88;11.01;0;stock;11.01;0.0;11.88;-0.0;100.0;ESTAVEL
2021-02-22;1613952000000;PINE3.SA;11.88;11.88;11.88;11.88;11.01;0;stock;11.01;0.0;11.88;-0.0;100.0;ESTAVEL
2021-02-23;1614038400000;PINE3.SA;11.88;11.88;11.88;11.88;11.01;0;stock;11.01;0.0;11.88;-0.0;100.0;ESTAVEL
2021-02-24;1614124800000;PINE3.SA;11.88;11.88;11.88;11.88;11.01;0;stock;11.01;0.0;11.88;-0.0;100.0;ESTAVEL
2021-02-25;1614211200000;PINE3.SA;11.88;11.88;11.88;11.88;11.01;0;stock;11.01;0.0;11.88;-0.0;100.0;ESTAVEL
2021-02-26;1614297600000;PINE3.SA;11.88;11.88;11.88;11.88;11.01;0;stock;11.01;0.0;11.88;-0.0;100.0;ESTAVEL
2021-03-01;1614556800000;PINE3.SA;11.88;11.88;11.88;11.88;11.01;0;stock;11.01;0.0;11.88;-0.0;100.0;ESTAVEL
2021-03-02;1614643200000;PINE3.SA;11.88;11.88;11.88;11.88;11.01;0;stock;11.01;0.0;11.88;-0.0;100.0;ESTAVEL
2021-03-03;1614729600000;PINE3.SA;11.88;11.88;11.88;11.88;11.01;0;stock;11.01;0.0;11.88;-0.0;100.0;ESTAVEL
2021-03-04;1614816000000;PINE3.SA;11.88;11.88;11.88;11.88;11.01;0;stock;11.01;0.0;11.88;-0.0;100.0;ESTAVEL
2021-03-05;1614902400000;PINE3.SA;11.88;11.88;11.88;11.88;11.01;0;stock;11.01;0.0;11.88;-0.0;100.0;ESTAVEL
2021-03-08;1615161600000;PINE3.SA;11.88;11.88;11.88;11.88;11.01;0;stock;11.01;0.0;11.88;-0.0;100.0;ESTAVEL
2021-03-09;1615248000000;PINE3.SA;11.88;11.88;11.88;11.88;11.01;0;stock;11.01;0.0;11.88;-0.0;100.0;ESTAVEL
2021-03-10;1615334400000;PINE3.SA;11.88;11.88;11.88;11.88;11.01;0;stock;11.01;0.0;11.88;-0.0;100.0;ESTAVEL
2021-03-11;1615420800000;PINE3.SA;11.88;11.88;11.88;11.88;11.01;0;stock;11.01;0.0;11.88;-0.0;100.0;ESTAVEL
2021-03-12;1615507200000;PINE3.SA;11.88;11.88;11.88;11.88;11.01;0;stock;11.01;0.0;11.88;-0.0;100.0;ESTAVEL
2021-03-15;1615766400000;PINE3.SA;11.88;11.88;11.88;11.88;11.01;0;stock;11.01;0.0;11.88;-0.0;100.0;ESTAVEL
2021-03-16;1615852800000;PINE3.SA;11.88;11.88;11.88;11.88;11.01;0;stock;11.01;0.0;11.88;-0.0;100.0;ESTAVEL
2021-03-17;1615939200000;PINE3.SA;11.88;11.88;11.88;11.88;11.01;0;stock;11.01;0.0;11.88;-0.0;100.0;ESTAVEL
2021-03-18;1616025600000;PINE3.SA;11.88;11.88;11.88;11.88;11.01;0;stock;11.01;0.0;11.88;-0.0;100.0;ESTAVEL
2021-03-19;1616112000000;PINE3.SA;11.88;11.88;11.88;11.88;11.01;0;stock;11.01;0.0;11.88;-0.0;100.0;ESTAVEL
2021-03-22;1616371200000;PINE3.SA;11.88;11.88;11.88;11.88;11.01;0;stock;11.01;0.0;11.88;-0.0;100.0;ESTAVEL
2021-03-23;1616457600000;PINE3.SA;11.88;11.88;11.88;11.88;11.01;0;stock;11.01;0.0;11.88;-0.0;100.0;ESTAVEL
2021-03-24;1616544000000;PINE3.SA;11.88;11.88;11.88;11.88;11.01;0;stock;11.01;0.0;11.88;-0.0;100.0;ESTAVEL
2021-03-25;1616630400000;PINE3.SA;11.88;11.88;11.88;11.88;11.01;0;stock;11.01;0.0;11.88;-0.0;100.0;ESTAVEL
2021-03-26;1616716800000;PINE3.SA;11.88;11.88;11.88;11.88;11.01;0;stock;11.01;0.0;11.88;-0.0;100.0;ESTAVEL
2021-03-29;1616976000000;PINE3.SA;11.88;11.88;11.88;11.88;11.01;0;stock;11.01;0.0;11.88;-0.0;100.0;ESTAVEL
2021-03-30;1617062400000;PINE3.SA;11.88;11.88;11.88;11.88;11.01;0;stock;11.01;0.0;11.88;-0.0;100.0;ESTAVEL
2021-03-31;1617148800000;PINE3.SA;11.88;11.88;11.88;11.88;11.01;0;stock;11.01;0.0;11.88;-0.0;100.0;ESTAVEL
2021-04-01;1617235200000;PINE3.SA;11.88;11.88;11.88;11.88;11.01;0;stock;11.01;0.0;11.88;-0.0;100.0;ESTAVEL
2021-04-05;1617580800000;PINE3.SA;11.88;11.88;11.88;11.88;11.01;0;stock;11.01;0.0;11.88;-0.0;100.0;ESTAVEL
2021-04-06;1617667200000;PINE3.SA;11.88;11.88;11.88;11.88;11.01;0;stock;11.01;0.0;11.88;-0.0;100.0;ESTAVEL
2021-04-07;1617753600000;PINE3.SA;11.88;11.88;11.88;11.88;11.01;0;stock;11.01;0.0;11.88;-0.0;100.0;ESTAVEL
2021-04-08;1617840000000;PINE3.SA;11.88;11.88;11.88;11.88;11.01;0;stock;11.01;0.0;11.88;-0.0;100.0;ESTAVEL
2021-04-09;1617926400000;PINE3.SA;11.88;11.88;11.88;11.88;11.01;0;stock;11.01;0.0;11.88;-0.0;100.0;ESTAVEL
2021-04-12;1618185600000;PINE3.SA;11.88;11.88;11.88;11.88;11.01;0;stock;11.01;0.0;11.88;-0.0;100.0;ESTAVEL
2021-04-13;1618272000000;PINE3.SA;11.88;11.88;11.88;11.88;11.01;0;stock;11.01;0.0;11.88;-0.0;100.0;ESTAVEL
2021-04-14;1618358400000;PINE3.SA;11.88;11.88;11.88;11.88;11.01;0;stock;11.01;0.0;11.88;-0.0;100.0;ESTAVEL
2021-04-15;1618444800000;PINE3.SA;11.88;11.88;11.88;11.88;11.01;0;stock;11.01;0.0;11.88;-0.0;100.0;ESTAVEL
2021-04-16;1618531200000;PINE3.SA;11.88;11.88;11.88;11.88;11.01;0;stock;11.01;0.0;11.88;-0.0;100.0;ESTAVEL
2021-04-19;1618790400000;PINE3.SA;11.88;11.88;11.88;11.88;11.01;0;stock;11.01;0.0;11.88;-0.0;100.0;ESTAVEL
2021-04-20;1618876800000;PINE3.SA;11.88;11.88;11.88;11.88;11.01;0;stock;11.01;0.0;11.88;-0.0;100.0;ESTAVEL
2021-04-22;1619049600000;PINE3.SA;11.88;11.88;11.88;11.88;11.01;0;stock;11.01;0.0;11.88;-0.0;100.0;ESTAVEL
2021-04-23;1619136000000;PINE3.SA;11.88;11.88;11.88;11.88;11.01;0;stock;11.01;0.0;11.88;-0.0;100.0;ESTAVEL
2021-04-26;1619395200000;PINE3.SA;11.88;11.88;11.88;11.88;11.01;0;stock;11.01;0.0;11.88;-0.0;100.0;ESTAVEL
2021-04-27;1619481600000;PINE3.SA;11.88;11.88;11.88;11.88;11.01;0;stock;11.01;0.0;11.88;-0.0;100.0;ESTAVEL
2021-04-28;1619568000000;PINE3.SA;11.88;11.88;11.88;11.88;11.01;0;stock;11.01;0.0;11.88;-0.0;100.0;ESTAVEL
2021-04-29;1619654400000;PINE3.SA;11.88;11.88;11.88;11.88;11.01;0;stock;11.01;0.0;11.88;-0.0;100.0;ESTAVEL
2021-04-30;1619740800000;PINE3.SA;11.88;11.88;11.88;11.88;11.01;0;stock;11.01;0.0;11.88;-0.0;100.0;ESTAVEL
2021-05-03;1620000000000;PINE3.SA;11.88;11.88;11.88;11.88;11.01;0;stock;11.01;0.0;11.88;-0.0;100.0;ESTAVEL
2021-05-04;1620086400000;PINE3.SA;11.88;11.88;11.88;11.88;11.01;0;stock;11.01;0.0;11.88;-0.0;100.0;ESTAVEL
2021-05-05;1620172800000;PINE3.SA;11.88;11.88;11.88;11.88;11.01;0;stock;11.01;0.0;11.88;-0.0;100.0;ESTAVEL
2021-05-06;1620259200000;PINE3.SA;11.88;11.88;11.88;11.88;11.01;0;stock;11.01;0.0;11.88;-0.0;100.0;ESTAVEL
2021-05-07;1620345600000;PINE3.SA;11.88;11.88;11.88;11.88;11.01;0;stock;11.01;0.0;11.88;-0.0;100.0;ESTAVEL
2021-05-10;1620604800000;PINE3.SA;11.88;11.88;11.88;11.88;11.01;0;stock;11.01;0.0;11.88;-0.0;100.0;ESTAVEL
2021-05-11;1620691200000;PINE3.SA;11.88;11.88;11.88;11.88;11.01;0;stock;11.01;0.0;11.88;-0.0;100.0;ESTAVEL
2021-05-12;1620777600000;PINE3.SA;11.88;11.88;11.88;11.88;11.01;0;stock;11.01;0.0;11.88;-0.0;100.0;ESTAVEL
2021-05-13;1620864000000;PINE3.SA;11.88;11.88;11.88;11.88;11.01;0;stock;11.01;0.0;11.88;-0.0;100.0;ESTAVEL
2021-05-14;1620950400000;PINE3.SA;11.88;11.88;11.88;11.88;11.01;0;stock;11.01;0.0;11.88;-0.0;100.0;ESTAVEL
2021-05-17;1621209600000;PINE3.SA;11.88;11.88;11.88;11.88;11.01;0;stock;11.01;0.0;11.88;-0.0;100.0;ESTAVEL
2021-05-18;1621296000000;PINE3.SA;11.88;11.88;11.88;11.88;11.01;0;stock;11.01;0.0;11.88;-0.0;100.0;ESTAVEL
2021-05-19;1621382400000;PINE3.SA;11.88;11.88;11.88;11.88;11.01;0;stock;11.01;0.0;11.88;-0.0;100.0;ESTAVEL
2021-05-20;1621468800000;PINE3.SA;11.88;11.88;11.88;11.88;11.01;0;stock;11.01;0.0;11.88;-0.0;100.0;ESTAVEL
2021-05-21;1621555200000;PINE3.SA;11.88;11.88;11.88;11.88;11.01;0;stock;11.01;0.0;11.88;-0.0;100.0;ESTAVEL
2021-05-24;1621814400000;PINE3.SA;11.88;11.88;11.88;11.88;11.01;0;stock;11.01;0.0;11.88;-0.0;100.0;ESTAVEL
2021-05-25;1621900800000;PINE3.SA;11.88;11.88;11.88;11.88;11.01;0;stock;11.01;0.0;11.88;-0.0;100.0;ESTAVEL
2021-05-26;1621987200000;PINE3.SA;11.88;11.88;11.88;11.88;11.01;0;stock;11.01;0.0;11.88;-0.0;100.0;ESTAVEL
2021-05-27;1622073600000;PINE3.SA;11.88;11.88;11.88;11.88;11.01;0;stock;11.01;0.0;11.88;-0.0;100.0;ESTAVEL
2021-05-28;1622160000000;PINE3.SA;11.88;11.88;11.88;11.88;11.01;0;stock;11.01;0.0;11.88;-0.0;100.0;ESTAVEL
2021-05-31;1622419200000;PINE3.SA;11.88;11.88;11.88;11.88;11.01;0;stock;11.01;0.0;11.88;-0.0;100.0;ESTAVEL
2021-06-01;1622505600000;PINE3.SA;11.88;11.88;11.88;11.88;11.01;0;stock;11.01;0.0;11.88;-0.0;100.0;ESTAVEL
2021-06-02;1622592000000;PINE3.SA;11.88;11.88;11.88;11.88;11.01;0;stock;11.01;0.0;11.88;-0.0;100.0;ESTAVEL
2021-06-04;1622764800000;PINE3.SA;11.88;11.88;11.88;11.88;11.01;0;stock;11.01;0.0;11.88;-0.0;100.0;ESTAVEL
2021-06-07;1623024000000;PINE3.SA;11.88;11.88;11.88;11.88;11.01;0;stock;11.01;0.0;11.88;-0.0;100.0;ESTAVEL
2021-06-08;1623110400000;PINE3.SA;11.88;11.88;11.88;11.88;11.01;0;stock;11.01;0.0;11.88;-0.0;100.0;ESTAVEL
2021-06-09;1623196800000;PINE3.SA;11.88;11.88;11.88;11.88;11.01;0;stock;11.01;0.0;11.88;-0.0;100.0;ESTAVEL
2021-06-10;1623283200000;PINE3.SA;11.88;11.88;11.88;11.88;11.01;0;stock;11.01;0.0;11.88;-0.0;100.0;ESTAVEL
2021-06-11;1623369600000;PINE3.SA;11.88;11.88;11.88;11.88;11.01;0;stock;11.01;0.0;11.88;-0.0;100.0;ESTAVEL
2021-06-14;1623628800000;PINE3.SA;11.88;11.88;11.88;11.88;11.01;0;stock;11.01;0.0;11.88;-0.0;100.0;ESTAVEL
2021-06-15;1623715200000;PINE3.SA;11.88;11.88;11.88;11.88;11.01;0;stock;11.01;0.0;11.88;-0.0;100.0;ESTAVEL
2021-06-16;1623801600000;PINE3.SA;11.88;11.88;11.88;11.88;11.01;0;stock;11.01;0.0;11.88;-0.0;100.0;ESTAVEL
2021-06-17;1623888000000;PINE3.SA;11.88;11.88;11.88;11.88;11.01;0;stock;11.01;0.0;11.88;-0.0;100.0;ESTAVEL
2021-06-18;1623974400000;PINE3.SA;11.88;11.88;11.88;11.88;11.01;0;stock;11.01;0.0;11.88;-0.0;100.0;ESTAVEL
2021-06-21;1624233600000;PINE3.SA;11.88;11.88;11.88;11.88;11.01;0;stock;11.01;0.0;11.88;-0.0;100.0;ESTAVEL
2021-06-22;1624320000000;PINE3.SA;11.88;11.88;11.88;11.88;11.01;0;stock;11.01;0.0;11.88;-0.0;100.0;ESTAVEL
2021-06-23;1624406400000;PINE3.SA;11.88;11.88;11.88;11.88;11.01;0;stock;11.01;0.0;11.88;-0.0;100.0;ESTAVEL
2021-06-24;1624492800000;PINE3.SA;11.88;11.88;11.88;11.88;11.01;0;stock;11.01;0.0;11.88;-0.0;100.0;ESTAVEL
2021-06-25;1624579200000;PINE3.SA;11.88;11.88;11.88;11.88;11.01;0;stock;11.01;0.0;11.88;-0.0;100.0;ESTAVEL
2021-06-28;1624838400000;PINE3.SA;11.88;11.88;11.88;11.88;11.01;0;stock;11.01;0.0;11.88;-0.0;100.0;ESTAVEL
2021-06-29;1624924800000;PINE3.SA;11.88;11.88;11.88;11.88;11.01;0;stock;11.01;0.0;11.88;-0.0;100.0;ESTAVEL
2021-06-30;1625011200000;PINE3.SA;11.88;11.88;11.88;11.88;11.01;0;stock;11.01;0.0;11.88;-0.0;100.0;ESTAVEL
2021-07-01;1625097600000;PINE3.SA;11.88;11.88;11.88;11.88;11.01;0;stock;11.01;0.0;11.88;-0.0;100.0;ESTAVEL
2021-07-02;1625184000000;PINE3.SA;11.88;11.88;11.88;11.88;11.01;0;stock;11.01;0.0;11.88;-0.0;100.0;ESTAVEL
2021-07-05;1625443200000;PINE3.SA;11.88;11.88;11.88;11.88;11.01;0;stock;11.01;0.0;11.88;-0.0;100.0;ESTAVEL
2021-07-06;1625529600000;PINE3.SA;11.88;11.88;11.88;11.88;11.01;0;stock;11.01;0.0;11.88;-0.0;100.0;ESTAVEL
2021-07-07;1625616000000;PINE3.SA;11.88;11.88;11.88;11.88;11.01;0;stock;11.01;0.0;11.88;-0.0;100.0;ESTAVEL
2021-07-08;1625702400000;PINE3.SA;11.88;11.88;11.88;11.88;11.01;0;stock;11.01;0.0;11.88;-0.0;100.0;ESTAVEL
2021-07-12;1626048000000;PINE3.SA;11.88;11.88;11.88;11.88;11.01;0;stock;11.01;0.0;11.88;-0.0;100.0;ESTAVEL
2021-07-13;1626134400000;PINE3.SA;11.88;11.88;11.88;11.88;11.01;0;stock;11.01;0.0;11.88;-0.0;100.0;ESTAVEL
2021-07-14;1626220800000;PINE3.SA;11.88;11.88;11.88;11.88;11.01;0;stock;11.01;0.0;11.88;-0.0;100.0;ESTAVEL
2021-07-15;1626307200000;PINE3.SA;11.88;11.88;11.88;11.88;11.01;0;stock;11.01;0.0;11.88;-0.0;100.0;ESTAVEL
2021-07-16;1626393600000;PINE3.SA;11.88;11.88;11.88;11.88;11.01;0;stock;11.01;0.0;11.88;-0.0;100.0;ESTAVEL
2021-07-19;1626652800000;PINE3.SA;11.88;11.88;11.88;11.88;11.01;0;stock;11.01;0.0;11.88;-0.0;100.0;ESTAVEL
2021-07-20;1626739200000;PINE3.SA;11.88;11.88;11.88;11.88;11.01;0;stock;11.01;0.0;11.88;-0.0;100.0;ESTAVEL
2021-07-21;1626825600000;PINE3.SA;11.88;11.88;11.88;11.88;11.01;0;stock;11.01;0.0;11.88;-0.0;100.0;ESTAVEL
2021-07-22;1626912000000;PINE3.SA;11.88;11.88;11.88;11.88;11.01;0;stock;11.01;0.0;11.88;-0.0;100.0;ESTAVEL
2021-07-23;1626998400000;PINE3.SA;11.88;11.88;11.88;11.88;11.01;0;stock;11.01;0.0;11.88;-0.0;100.0;ESTAVEL
2021-07-26;1627257600000;PINE3.SA;11.88;11.88;11.88;11.88;11.01;0;stock;11.01;0.0;11.88;-0.0;100.0;ESTAVEL
2021-07-27;1627344000000;PINE3.SA;11.88;11.88;11.88;11.88;11.01;0;stock;11.01;0.0;11.88;-0.0;100.0;ESTAVEL
2021-07-28;1627430400000;PINE3.SA;11.88;11.88;11.88;11.88;11.01;0;stock;11.01;0.0;11.88;-0.0;100.0;ESTAVEL
2021-07-29;1627516800000;PINE3.SA;11.88;11.88;11.88;11.88;11.01;0;stock;11.01;0.0;11.88;-0.0;100.0;ESTAVEL
2021-07-30;1627603200000;PINE3.SA;11.88;11.88;11.88;11.88;11.01;0;stock;11.01;0.0;11.88;-0.0;100.0;ESTAVEL
2021-08-02;1627862400000;PINE3.SA;11.88;11.88;11.88;11.88;11.01;0;stock;11.01;0.0;11.88;-0.0;100.0;ESTAVEL
2021-08-03;1627948800000;PINE3.SA;11.88;11.88;11.88;11.88;11.01;0;stock;11.01;0.0;11.88;-0.0;100.0;ESTAVEL
2021-08-04;1628035200000;PINE3.SA;11.88;11.88;11.88;11.88;11.01;0;stock;11.01;0.0;11.88;-0.0;100.0;ESTAVEL
2021-08-05;1628121600000;PINE3.SA;11.88;11.88;11.88;11.88;11.01;0;stock;11.01;0.0;11.88;-0.0;100.0;ESTAVEL
2021-08-06;1628208000000;PINE3.SA;11.88;11.88;11.88;11.88;11.01;0;stock;11.01;0.0;11.88;-0.0;100.0;ESTAVEL
2021-08-09;1628467200000;PINE3.SA;11.88;11.88;11.88;11.88;11.01;0;stock;11.01;0.0;11.88;-0.0;100.0;ESTAVEL
2021-08-10;1628553600000;PINE3.SA;11.88;11.88;11.88;11.88;11.01;0;stock;11.01;0.0;11.88;-0.0;100.0;ESTAVEL
2021-08-11;1628640000000;PINE3.SA;11.88;11.88;11.88;11.88;11.01;0;stock;11.01;0.0;11.88;-0.0;100.0;ESTAVEL
2021-08-12;1628726400000;PINE3.SA;11.88;11.88;11.88;11.88;11.01;0;stock;11.01;0.0;11.88;-0.0;100.0;ESTAVEL
2021-08-13;1628812800000;PINE3.SA;11.88;11.88;11.88;11.88;11.01;0;stock;11.01;0.0;11.88;-0.0;100.0;ESTAVEL
2021-08-16;1629072000000;PINE3.SA;11.88;11.88;11.88;11.88;11.01;0;stock;11.01;0.0;11.88;-0.0;100.0;ESTAVEL
2021-08-17;1629158400000;PINE3.SA;11.88;11.88;11.88;11.88;11.01;0;stock;11.01;0.0;11.88;-0.0;100.0;ESTAVEL
2021-08-18;1629244800000;PINE3.SA;11.88;11.88;11.88;11.88;11.01;0;stock;11.01;0.0;11.88;-0.0;100.0;ESTAVEL
2021-08-19;1629331200000;PINE3.SA;11.88;11.88;11.88;11.88;11.01;0;stock;11.01;0.0;11.88;-0.0;100.0;ESTAVEL
2021-08-20;1629417600000;PINE3.SA;11.88;11.88;11.88;11.88;11.01;0;stock;11.01;0.0;11.88;-0.0;100.0;ESTAVEL
2021-08-23;1629676800000;PINE3.SA;11.88;11.88;11.88;11.88;11.01;0;stock;11.01;0.0;11.88;-0.0;100.0;ESTAVEL
2021-08-24;1629763200000;PINE3.SA;11.88;11.88;11.88;11.88;11.01;0;stock;11.01;0.0;11.88;-0.0;100.0;ESTAVEL
2021-08-25;1629849600000;PINE3.SA;11.88;11.88;11.88;11.88;11.01;0;stock;11.01;0.0;11.88;-0.0;100.0;ESTAVEL
2021-08-26;1629936000000;PINE3.SA;11.88;11.88;11.88;11.88;11.01;0;stock;11.01;0.0;11.88;-0.0;100.0;ESTAVEL
2021-08-27;1630022400000;PINE3.SA;11.88;11.88;11.88;11.88;11.01;0;stock;11.01;0.0;11.88;-0.0;100.0;ESTAVEL
2021-08-30;1630281600000;PINE3.SA;11.88;11.88;11.88;11.88;11.01;0;stock;11.01;0.0;11.88;-0.0;100.0;ESTAVEL
2021-08-31;1630368000000;PINE3.SA;11.88;11.88;11.88;11.88;11.01;0;stock;11.01;0.0;11.88;-0.0;100.0;ESTAVEL
2021-09-01;1630454400000;PINE3.SA;11.88;11.88;11.88;11.88;11.01;0;stock;11.01;0.0;11.88;-0.0;100.0;ESTAVEL
2021-09-02;1630540800000;PINE3.SA;11.88;11.88;11.88;11.88;11.01;0;stock;11.01;0.0;11.88;-0.0;100.0;ESTAVEL
2021-09-03;1630627200000;PINE3.SA;11.88;11.88;11.88;11.88;11.01;0;stock;11.01;0.0;11.88;-0.0;100.0;ESTAVEL
2021-09-06;1630886400000;PINE3.SA;11.88;11.88;11.88;11.88;11.01;0;stock;11.01;0.0;11.88;-0.0;100.0;ESTAVEL
2021-09-08;1631059200000;PINE3.SA;11.88;11.88;11.88;11.88;11.01;0;stock;11.01;0.0;11.88;-0.0;100.0;ESTAVEL
2021-09-09;1631145600000;PINE3.SA;11.88;11.88;11.88;11.88;11.01;0;stock;11.01;0.0;11.88;-0.0;100.0;ESTAVEL
2021-09-10;1631232000000;PINE3.SA;11.88;11.88;11.88;11.88;11.01;0;stock;11.01;0.0;11.88;-0.0;100.0;ESTAVEL
2021-09-13;1631491200000;PINE3.SA;11.88;11.88;11.88;11.88;11.01;0;stock;11.01;0.0;11.88;-0.0;100.0;ESTAVEL
2021-09-14;1631577600000;PINE3.SA;11.88;11.88;11.88;11.88;11.01;0;stock;11.01;0.0;11.88;-0.0;100.0;ESTAVEL
2021-09-15;1631664000000;PINE3.SA;11.88;11.88;11.88;11.88;11.01;0;stock;11.01;0.0;11.88;-0.0;100.0;ESTAVEL
2021-09-16;1631750400000;PINE3.SA;11.88;11.88;11.88;11.88;11.01;0;stock;11.01;0.0;11.88;-0.0;100.0;ESTAVEL
2021-09-17;1631836800000;PINE3.SA;11.88;11.88;11.88;11.88;11.01;0;stock;11.01;0.0;11.88;-0.0;100.0;ESTAVEL
2021-09-20;1632096000000;PINE3.SA;11.88;11.88;11.88;11.88;11.01;0;stock;11.01;0.0;11.88;-0.0;100.0;ESTAVEL
2021-09-21;1632182400000;PINE3.SA;11.88;11.88;11.88;11.88;11.01;0;stock;11.01;0.0;11.88;-0.0;100.0;ESTAVEL
2021-09-22;1632268800000;PINE3.SA;11.88;11.88;11.88;11.88;11.01;0;stock;11.01;0.0;11.88;-0.0;100.0;ESTAVEL
2021-09-23;1632355200000;PINE3.SA;11.88;11.88;11.88;11.88;11.01;0;stock;11.01;0.0;11.88;-0.0;100.0;ESTAVEL
2021-09-24;1632441600000;PINE3.SA;11.88;11.88;11.88;11.88;11.01;0;stock;11.01;0.0;11.88;-0.0;100.0;ESTAVEL
2021-09-27;1632700800000;PINE3.SA;11.88;11.88;11.88;11.88;11.01;0;stock;11.01;0.0;11.88;-0.0;100.0;ESTAVEL
2021-09-28;1632787200000;PINE3.SA;11.88;11.88;11.88;11.88;11.01;0;stock;11.01;0.0;11.88;-0.0;100.0;ESTAVEL
2021-09-29;1632873600000;PINE3.SA;11.88;11.88;11.88;11.88;11.01;0;stock;11.01;0.0;11.88;-0.0;100.0;ESTAVEL
2021-09-30;1632960000000;PINE3.SA;11.88;11.88;11.88;11.88;11.01;0;stock;11.01;0.0;11.88;-0.0;100.0;ESTAVEL
2021-10-01;1633046400000;PINE3.SA;11.88;11.88;11.88;11.88;11.01;0;stock;11.01;0.0;11.88;-0.0;100.0;ESTAVEL
2021-10-04;1633305600000;PINE3.SA;11.88;11.88;11.88;11.88;11.01;0;stock;11.01;0.0;11.88;-0.0;100.0;ESTAVEL
2021-10-05;1633392000000;PINE3.SA;11.88;11.88;11.88;11.88;11.01;0;stock;11.01;0.0;11.88;-0.0;100.0;ESTAVEL
2021-10-06;1633478400000;PINE3.SA;11.88;11.88;11.88;11.88;11.01;0;stock;11.01;0.0;11.88;-0.0;100.0;ESTAVEL
2021-10-07;1633564800000;PINE3.SA;11.88;11.88;11.88;11.88;11.01;0;stock;11.01;0.0;11.88;-0.0;100.0;ESTAVEL
2021-10-08;1633651200000;PINE3.SA;11.88;11.88;11.88;11.88;11.01;0;stock;11.01;0.0;11.88;-0.0;100.0;ESTAVEL
2021-10-11;1633910400000;PINE3.SA;11.88;11.88;11.88;11.88;11.01;0;stock;11.01;0.0;11.88;-0.0;100.0;ESTAVEL
2021-10-13;1634083200000;PINE3.SA;11.88;11.88;11.88;11.88;11.01;0;stock;11.01;0.0;11.88;-0.0;100.0;ESTAVEL
2021-10-14;1634169600000;PINE3.SA;11.88;11.88;11.88;11.88;11.01;0;stock;11.01;0.0;11.88;-0.0;100.0;ESTAVEL
2021-10-15;1634256000000;PINE3.SA;11.88;11.88;11.88;11.88;11.01;0;stock;11.01;0.0;11.88;-0.0;100.0;ESTAVEL
2021-10-18;1634515200000;PINE3.SA;11.88;11.88;11.88;11.88;11.01;0;stock;11.01;0.0;11.88;-0.0;100.0;ESTAVEL
2021-10-19;1634601600000;PINE3.SA;11.88;11.88;11.88;11.88;11.01;0;stock;11.01;0.0;11.88;-0.0;100.0;ESTAVEL
2021-10-20;1634688000000;PINE3.SA;11.88;11.88;11.88;11.88;11.01;0;stock;11.01;0.0;11.88;-0.0;100.0;ESTAVEL
2021-10-21;1634774400000;PINE3.SA;11.88;11.88;11.88;11.88;11.01;0;stock;11.01;0.0;11.88;-0.0;100.0;ESTAVEL
2021-10-22;1634860800000;PINE3.SA;11.88;11.88;11.88;11.88;11.01;0;stock;11.01;0.0;11.88;-0.0;100.0;ESTAVEL
2021-10-25;1635120000000;PINE3.SA;11.88;11.88;11.88;11.88;11.01;0;stock;11.01;0.0;11.88;-0.0;100.0;ESTAVEL
2021-10-26;1635206400000;PINE3.SA;11.88;11.88;11.88;11.88;11.01;0;stock;11.01;0.0;11.88;-0.0;100.0;ESTAVEL
2021-10-27;1635292800000;PINE3.SA;11.88;11.88;11.88;11.88;11.01;0;stock;11.01;0.0;11.88;-0.0;100.0;ESTAVEL
2021-10-28;1635379200000;PINE3.SA;11.88;11.88;11.88;11.88;11.01;0;stock;11.01;0.0;11.88;-0.0;100.0;ESTAVEL
2021-10-29;1635465600000;PINE3.SA;11.88;11.88;11.88;11.88;11.01;0;stock;11.01;0.0;11.88;-0.0;100.0;ESTAVEL
2021-11-01;1635724800000;PINE3.SA;11.88;11.88;11.88;11.88;11.01;0;stock;11.01;0.0;11.88;-0.0;100.0;ESTAVEL
2021-11-03;1635897600000;PINE3.SA;11.88;11.88;11.88;11.88;11.01;0;stock;11.01;0.0;11.88;-0.0;100.0;ESTAVEL
2021-11-04;1635984000000;PINE3.SA;11.88;11.88;11.88;11.88;11.01;0;stock;11.01;0.0;11.88;-0.0;100.0;ESTAVEL
2021-11-05;1636070400000;PINE3.SA;11.88;11.88;11.88;11.88;11.01;0;stock;11.01;0.0;11.88;-0.0;100.0;ESTAVEL
2021-11-08;1636329600000;PINE3.SA;11.88;11.88;11.88;11.88;11.01;0;stock;11.01;0.0;11.88;-0.0;100.0;ESTAVEL
2021-11-09;1636416000000;PINE3.SA;11.88;11.88;11.88;11.88;11.01;0;stock;11.01;0.0;11.88;-0.0;100.0;ESTAVEL
2021-11-10;1636502400000;PINE3.SA;11.88;11.88;11.88;11.88;11.01;0;stock;11.01;0.0;11.88;-0.0;100.0;ESTAVEL
2021-11-11;1636588800000;PINE3.SA;11.88;11.88;11.88;11.88;11.01;0;stock;11.01;0.0;11.88;-0.0;100.0;ESTAVEL
2021-11-12;1636675200000;PINE3.SA;11.88;11.88;11.88;11.88;11.01;0;stock;11.01;0.0;11.88;-0.0;100.0;ESTAVEL
2021-11-16;1637020800000;PINE3.SA;11.88;11.88;11.88;11.88;11.01;0;stock;11.01;0.0;11.88;-0.0;100.0;ESTAVEL
2021-11-17;1637107200000;PINE3.SA;11.88;11.88;11.88;11.88;11.01;0;stock;11.01;0.0;11.88;-0.0;100.0;ESTAVEL
2021-11-18;1637193600000;PINE3.SA;11.88;11.88;11.88;11.88;11.01;0;stock;11.01;0.0;11.88;-0.0;100.0;ESTAVEL
2021-11-19;1637280000000;PINE3.SA;11.88;11.88;11.88;11.88;11.01;0;stock;11.01;0.0;11.88;-0.0;100.0;ESTAVEL
2021-11-22;1637539200000;PINE3.SA;11.88;11.88;11.88;11.88;11.01;0;stock;11.01;0.0;11.88;-0.0;100.0;ESTAVEL
2021-11-23;1637625600000;PINE3.SA;11.88;11.88;11.88;11.88;11.01;0;stock;11.01;0.0;11.88;-0.0;100.0;ESTAVEL
2021-11-24;1637712000000;PINE3.SA;11.88;11.88;11.88;11.88;11.01;0;stock;11.01;0.0;11.88;-0.0;100.0;ESTAVEL
2021-11-25;1637798400000;PINE3.SA;11.88;11.88;11.88;11.88;11.01;0;stock;11.01;0.0;11.88;-0.0;100.0;ESTAVEL
2021-11-26;1637884800000;PINE3.SA;11.88;11.88;11.88;11.88;11.01;0;stock;11.01;-0.0;11.88;-0.0;100.0;ESTAVEL
2021-11-29;1638144000000;PINE3.SA;11.88;11.88;11.88;11.88;11.01;0;stock;11.01;-0.0;11.88;-0.0;100.0;ESTAVEL
2021-11-30;1638230400000;PINE3.SA;11.88;11.88;11.88;11.88;11.01;0;stock;11.01;-0.0;11.88;-0.0;100.0;ESTAVEL
2021-12-01;1638316800000;PINE3.SA;11.88;11.88;11.88;11.88;11.01;0;stock;11.01;-0.0;11.88;-0.0;100.0;ESTAVEL
2021-12-02;1638403200000;PINE3.SA;11.88;11.88;11.88;11.88;11.01;0;stock;11.01;-0.0;11.88;-0.0;100.0;ESTAVEL
2021-12-03;1638489600000;PINE3.SA;11.88;11.88;11.88;11.88;11.01;0;stock;11.01;-0.0;11.88;-0.0;100.0;ESTAVEL
2021-12-06;1638748800000;PINE3.SA;11.88;11.88;11.88;11.88;11.01;0;stock;11.01;-0.0;11.88;-0.0;100.0;ESTAVEL
2021-12-07;1638835200000;PINE3.SA;11.88;11.88;11.88;11.88;11.01;0;stock;11.01;-0.0;11.88;-0.0;100.0;ESTAVEL
2021-12-08;1638921600000;PINE3.SA;11.88;11.88;11.88;11.88;11.01;0;stock;11.01;-0.0;11.88;-0.0;100.0;ESTAVEL
2021-12-09;1639008000000;PINE3.SA;11.88;11.88;11.88;11.88;11.01;0;stock;11.01;-0.0;11.88;-0.0;100.0;ESTAVEL
2021-12-10;1639094400000;PINE3.SA;11.88;11.88;11.88;11.88;11.01;0;stock;11.01;-0.0;11.88;-0.0;100.0;ESTAVEL
2021-12-13;1639353600000;PINE3.SA;11.88;11.88;11.88;11.88;11.01;0;stock;11.01;-0.0;11.88;-0.0;100.0;ESTAVEL
2021-12-14;1639440000000;PINE3.SA;11.88;11.88;11.88;11.88;11.01;0;stock;11.01;-0.0;11.88;-0.0;100.0;ESTAVEL
2021-12-15;1639526400000;PINE3.SA;11.88;11.88;11.88;11.88;11.01;0;stock;11.01;-0.0;11.88;-0.0;100.0;ESTAVEL
2021-12-16;1639612800000;PINE3.SA;11.88;11.88;11.88;11.88;11.01;0;stock;11.01;-0.0;11.88;-0.0;100.0;ESTAVEL
2021-12-17;1639699200000;PINE3.SA;11.88;11.88;11.88;11.88;11.01;0;stock;11.01;-0.0;11.88;-0.0;100.0;ESTAVEL
2021-12-20;1639958400000;PINE3.SA;11.88;11.88;11.88;11.88;11.01;0;stock;11.01;-0.0;11.88;-0.0;100.0;ESTAVEL
2021-12-21;1640044800000;PINE3.SA;11.88;11.88;11.88;11.88;11.01;0;stock;11.01;-0.0;11.88;-0.0;100.0;ESTAVEL
2021-12-22;1640131200000;PINE3.SA;11.88;11.88;11.88;11.88;11.01;0;stock;11.01;-0.0;11.88;-0.0;100.0;ESTAVEL
2021-12-23;1640217600000;PINE3.SA;11.88;11.88;11.88;11.88;11.01;0;stock;11.01;-0.0;11.88;-0.0;100.0;ESTAVEL
2021-12-27;1640563200000;PINE3.SA;11.88;11.88;11.88;11.88;11.01;0;stock;11.01;-0.0;11.88;-0.0;100.0;ESTAVEL
2021-12-28;1640649600000;PINE3.SA;11.88;11.88;11.88;11.88;11.01;0;stock;11.01;-0.0;11.88;-0.0;100.0;ESTAVEL
2021-12-29;1640736000000;PINE3.SA;11.88;11.88;11.88;11.88;11.01;0;stock;11.01;-0.0;11.88;-0.0;100.0;ESTAVEL
2021-12-30;1640822400000;PINE3.SA;11.88;11.88;11.88;11.88;11.01;0;stock;11.01;-0.0;11.88;-0.0;100.0;ESTAVEL
2022-01-03;1641168000000;PINE3.SA;11.88;11.88;11.88;11.88;11.01;0;stock;11.01;-0.0;11.88;-0.0;100.0;ESTAVEL
2022-01-04;1641254400000;PINE3.SA;11.88;11.88;11.88;11.88;11.01;0;stock;11.01;-0.0;11.88;-0.0;100.0;ESTAVEL
2022-01-05;1641340800000;PINE3.SA;11.88;11.88;11.88;11.88;11.01;0;stock;11.01;-0.0;11.88;-0.0;100.0;ESTAVEL
2022-01-06;1641427200000;PINE3.SA;11.88;11.88;11.88;11.88;11.01;0;stock;11.01;-0.0;11.88;-0.0;100.0;ESTAVEL
2022-01-07;1641513600000;PINE3.SA;11.88;11.88;11.88;11.88;11.01;0;stock;11.01;-0.0;11.88;-0.0;100.0;ESTAVEL
2022-01-10;1641772800000;PINE3.SA;11.88;11.88;11.88;11.88;11.01;0;stock;11.01;-0.0;11.88;-0.0;100.0;ESTAVEL
2022-01-11;1641859200000;PINE3.SA;11.88;11.88;11.88;11.88;11.01;0;stock;11.01;-0.0;11.88;-0.0;100.0;ESTAVEL
2022-01-12;1641945600000;PINE3.SA;11.88;11.88;11.88;11.88;11.01;0;stock;11.01;-0.0;11.88;-0.0;100.0;ESTAVEL
2022-01-13;1642032000000;PINE3.SA;11.88;11.88;11.88;11.88;11.01;0;stock;11.01;-0.0;11.88;-0.0;100.0;ESTAVEL
2022-01-14;1642118400000;PINE3.SA;11.88;11.88;11.88;11.88;11.01;0;stock;11.01;-0.0;11.88;-0.0;100.0;ESTAVEL
2022-01-17;1642377600000;PINE3.SA;11.88;11.88;11.88;11.88;11.01;0;stock;11.01;-0.0;11.88;-0.0;100.0;ESTAVEL
2022-01-18;1642464000000;PINE3.SA;11.88;11.88;11.88;11.88;11.01;0;stock;11.01;-0.0;11.88;-0.0;100.0;ESTAVEL
2022-01-19;1642550400000;PINE3.SA;11.88;11.88;11.88;11.88;11.01;0;stock;11.01;-0.0;11.88;-0.0;100.0;ESTAVEL
2022-01-20;1642636800000;PINE3.SA;11.88;11.88;11.88;11.88;11.01;0;stock;11.01;-0.0;11.88;-0.0;100.0;ESTAVEL
2022-01-21;1642723200000;PINE3.SA;11.88;11.88;11.88;11.88;11.01;0;stock;11.01;-0.0;11.88;-0.0;100.0;ESTAVEL
2022-01-24;1642982400000;PINE3.SA;11.88;11.88;11.88;11.88;11.01;0;stock;11.01;-0.0;11.88;-0.0;100.0;ESTAVEL
2022-01-25;1643068800000;PINE3.SA;11.88;11.88;11.88;11.88;11.01;0;stock;11.01;-0.0;11.88;-0.0;100.0;ESTAVEL
2022-01-26;1643155200000;PINE3.SA;11.88;11.88;11.88;11.88;11.01;0;stock;11.01;-0.0;11.88;-0.0;100.0;ESTAVEL
2022-01-27;1643241600000;PINE3.SA;11.88;11.88;11.88;11.88;11.01;0;stock;11.01;-0.0;11.88;-0.0;100.0;ESTAVEL
2022-01-28;1643328000000;PINE3.SA;11.88;11.88;11.88;11.88;11.01;0;stock;11.01;-0.0;11.88;-0.0;100.0;ESTAVEL
2022-01-31;1643587200000;PINE3.SA;11.88;11.88;11.88;11.88;11.01;0;stock;11.01;-0.0;11.88;-0.0;100.0;ESTAVEL
2022-02-01;1643673600000;PINE3.SA;11.88;11.88;11.88;11.88;11.01;0;stock;11.01;-0.0;11.88;-0.0;100.0;ESTAVEL
2022-02-02;1643760000000;PINE3.SA;11.88;11.88;11.88;11.88;11.01;0;stock;11.01;-0.0;11.88;-0.0;100.0;ESTAVEL
2022-02-03;1643846400000;PINE3.SA;11.88;11.88;11.88;11.88;11.01;0;stock;11.01;-0.0;11.88;-0.0;100.0;ESTAVEL
2022-02-04;1643932800000;PINE3.SA;11.88;11.88;11.88;11.88;11.01;0;stock;11.01;-0.0;11.88;-0.0;100.0;ESTAVEL
2022-02-07;1644192000000;PINE3.SA;11.88;11.88;11.88;11.88;11.01;0;stock;11.01;-0.0;11.88;-0.0;100.0;ESTAVEL
2022-02-08;1644278400000;PINE3.SA;11.88;11.88;11.88;11.88;11.01;0;stock;11.01;-0.0;11.88;-0.0;100.0;ESTAVEL
2022-02-09;1644364800000;PINE3.SA;9.53;9.53;9.53;9.53;8.84;0;stock;10.99;-19.55;11.86;-19.62;0.0;SUBIR
2022-02-10;1644451200000;PINE3.SA;9.53;9.53;9.53;9.53;8.84;0;stock;10.97;-19.39;11.83;-19.47;0.0;SUBIR
2022-02-11;1644537600000;PINE3.SA;9.53;9.53;9.53;9.53;8.84;0;stock;10.95;-19.24;11.81;-19.31;0.0;SUBIR
2022-02-14;1644796800000;PINE3.SA;9.53;9.53;9.53;9.53;8.84;0;stock;10.92;-19.08;11.79;-19.15;0.0;SUBIR
2022-02-15;1644883200000;PINE3.SA;9.53;9.53;9.53;9.53;8.84;0;stock;10.9;-18.93;11.77;-19.0;0.0;SUBIR
2022-02-16;1644969600000;PINE3.SA;9.53;9.53;9.53;9.53;8.84;0;stock;10.88;-18.78;11.74;-18.85;0.0;SUBIR
2022-02-17;1645056000000;PINE3.SA;9.53;9.53;9.53;9.53;8.84;0;stock;10.86;-18.63;11.72;-18.69;0.0;SUBIR
2022-02-18;1645142400000;PINE3.SA;9.53;9.53;9.53;9.53;8.84;0;stock;10.84;-18.47;11.7;-18.54;0.0;SUBIR
2022-02-21;1645401600000;PINE3.SA;9.53;9.53;9.53;9.53;8.84;0;stock;10.82;-18.32;11.68;-18.39;0.0;SUBIR
2022-02-22;1645488000000;PINE3.SA;9.53;9.53;9.53;9.53;8.84;0;stock;10.8;-18.17;11.66;-18.24;0.0;SUBIR
2022-02-23;1645574400000;PINE3.SA;9.53;9.53;9.53;9.53;8.84;0;stock;10.78;-18.03;11.64;-18.09;0.0;SUBIR
2022-02-24;1645660800000;PINE3.SA;9.53;9.53;9.53;9.53;8.84;0;stock;10.76;-17.88;11.61;-17.95;0.0;SUBIR
2022-02-25;1645747200000;PINE3.SA;9.53;9.53;9.53;9.53;8.84;0;stock;10.75;-17.73;11.59;-17.8;0.0;SUBIR
2022-03-02;1646179200000;PINE3.SA;9.53;9.53;9.53;9.53;8.84;0;stock;10.73;-17.59;11.57;-17.65;0.0;SUBIR
2022-03-03;1646265600000;PINE3.SA;9.53;9.53;9.53;9.53;8.84;0;stock;10.71;-17.44;11.55;-17.51;0.0;SUBIR
2022-03-04;1646352000000;PINE3.SA;9.53;9.53;9.53;9.53;8.84;0;stock;10.69;-17.3;11.53;-17.36;0.0;SUBIR
2022-03-07;1646611200000;PINE3.SA;9.53;9.53;9.53;9.53;8.84;0;stock;10.67;-17.16;11.51;-17.22;0.0;SUBIR
2022-03-08;1646697600000;PINE3.SA;9.53;9.53;9.53;9.53;8.84;0;stock;10.65;-17.02;11.49;-17.08;0.0;SUBIR
2022-03-09;1646784000000;PINE3.SA;9.53;9.53;9.53;9.53;8.84;0;stock;10.63;-16.87;11.47;-16.94;0.0;SUBIR
2022-03-10;1646870400000;PINE3.SA;9.53;9.53;9.53;9.53;8.84;0;stock;10.62;-16.73;11.45;-16.8;0.0;SUBIR
2022-03-11;1646956800000;PINE3.SA;9.53;9.53;9.53;9.53;8.84;0;stock;10.6;-16.6;11.43;-16.66;0.0;SUBIR
2022-03-14;1647216000000;PINE3.SA;9.53;9.53;9.53;9.53;8.84;0;stock;10.58;-16.46;11.42;-16.52;0.0;SUBIR
2022-03-15;1647302400000;PINE3.SA;9.53;9.53;9.53;9.53;8.84;0;stock;10.56;-16.32;11.4;-16.38;0.0;SUBIR
2022-03-16;1647388800000;PINE3.SA;9.53;9.53;9.53;9.53;8.84;0;stock;10.55;-16.18;11.38;-16.25;0.0;SUBIR
2022-03-17;1647475200000;PINE3.SA;9.53;9.53;9.53;9.53;8.84;0;stock;10.53;-16.05;11.36;-16.11;0.0;SUBIR
2022-03-18;1647561600000;PINE3.SA;9.53;9.53;9.53;9.53;8.84;0;stock;10.51;-15.92;11.34;-15.98;0.0;SUBIR
2022-03-21;1647820800000;PINE3.SA;9.53;9.53;9.53;9.53;8.84;0;stock;10.5;-15.78;11.32;-15.84;0.0;SUBIR
2022-03-22;1647907200000;PINE3.SA;9.53;9.53;9.53;9.53;8.84;0;stock;10.48;-15.65;11.31;-15.71;0.0;SUBIR
2022-03-23;1647993600000;PINE3.SA;9.53;9.53;9.53;9.53;8.84;0;stock;10.46;-15.52;11.29;-15.58;0.0;SUBIR
2022-03-24;1648080000000;PINE3.SA;9.53;9.53;9.53;9.53;8.84;0;stock;10.45;-15.39;11.27;-15.45;0.0;SUBIR
2022-03-25;1648166400000;PINE3.SA;9.53;9.53;9.53;9.53;8.84;0;stock;10.43;-15.26;11.25;-15.32;0.0;SUBIR
2022-03-28;1648425600000;PINE3.SA;9.53;9.53;9.53;9.53;8.84;0;stock;10.42;-15.13;11.24;-15.19;0.0;SUBIR
2022-03-29;1648512000000;PINE3.SA;9.53;9.53;9.53;9.53;8.84;0;stock;10.4;-15.0;11.22;-15.06;0.0;SUBIR
2022-03-30;1648598400000;PINE3.SA;9.53;9.53;9.53;9.53;8.84;0;stock;10.38;-14.87;11.2;-14.93;0.0;SUBIR
2022-03-31;1648684800000;PINE3.SA;9.53;9.53;9.53;9.53;8.84;0;stock;10.37;-14.75;11.19;-14.8;0.0;SUBIR
2022-04-01;1648771200000;PINE3.SA;9.53;9.53;9.53;9.53;8.84;0;stock;10.35;-14.62;11.17;-14.68;0.0;SUBIR
2022-04-04;1649030400000;PINE3.SA;9.53;9.53;9.53;9.53;8.84;0;stock;10.34;-14.5;11.15;-14.55;0.0;SUBIR
2022-04-05;1649116800000;PINE3.SA;9.53;9.53;9.53;9.53;8.84;0;stock;10.32;-14.37;11.14;-14.43;0.0;SUBIR
2022-04-06;1649203200000;PINE3.SA;9.53;9.53;9.53;9.53;8.84;0;stock;10.31;-14.25;11.12;-14.31;0.0;SUBIR
2022-04-07;1649289600000;PINE3.SA;9.53;9.53;9.53;9.53;8.84;0;stock;10.29;-14.13;11.11;-14.18;0.0;SUBIR
2022-04-08;1649376000000;PINE3.SA;9.53;9.53;9.53;9.53;8.84;0;stock;10.28;-14.01;11.09;-14.06;0.0;SUBIR
2022-04-11;1649635200000;PINE3.SA;9.53;9.53;9.53;9.53;8.84;0;stock;10.27;-13.89;11.07;-13.94;0.0;SUBIR
2022-04-12;1649721600000;PINE3.SA;9.53;9.53;9.53;9.53;8.84;0;stock;10.25;-13.77;11.06;-13.82;0.0;SUBIR
2022-04-13;1649808000000;PINE3.SA;9.53;9.53;9.53;9.53;8.84;0;stock;10.24;-13.65;11.04;-13.7;0.0;SUBIR
2022-04-14;1649894400000;PINE3.SA;9.53;9.53;9.53;9.53;8.84;0;stock;10.22;-13.53;11.03;-13.59;0.0;SUBIR
2022-04-18;1650240000000;PINE3.SA;9.53;9.53;9.53;9.53;8.84;0;stock;10.21;-13.42;11.01;-13.47;0.0;SUBIR
2022-04-19;1650326400000;PINE3.SA;9.53;9.53;9.53;9.53;8.84;0;stock;10.2;-13.3;11.0;-13.35;0.0;SUBIR
2022-04-20;1650412800000;PINE3.SA;9.53;9.53;9.53;9.53;8.84;0;stock;10.18;-13.19;10.98;-13.24;0.0;SUBIR
2022-04-22;1650585600000;PINE3.SA;9.53;9.53;9.53;9.53;8.84;0;stock;10.17;-13.07;10.97;-13.12;0.0;SUBIR
2022-04-25;1650844800000;PINE3.SA;9.53;9.53;9.53;9.53;8.84;0;stock;10.16;-12.96;10.96;-13.01;0.0;SUBIR
2022-04-26;1650931200000;PINE3.SA;9.53;9.53;9.53;9.53;8.84;0;stock;10.14;-12.85;10.94;-12.9;0.0;SUBIR
2022-04-27;1651017600000;PINE3.SA;9.53;9.53;9.53;9.53;8.84;0;stock;10.13;-12.74;10.93;-12.79;0.0;SUBIR
2022-04-28;1651104000000;PINE3.SA;9.53;9.53;9.53;9.53;8.84;0;stock;10.12;-12.62;10.91;-12.67;0.0;SUBIR
2022-04-29;1651190400000;PINE3.SA;9.53;9.53;9.53;9.53;8.84;0;stock;10.1;-12.51;10.9;-12.56;0.0;SUBIR
2022-05-02;1651449600000;PINE3.SA;9.53;9.53;9.53;9.53;8.84;0;stock;10.09;-12.41;10.89;-12.45;0.0;SUBIR
2022-05-03;1651536000000;PINE3.SA;9.53;9.53;9.53;9.53;8.84;0;stock;10.08;-12.3;10.87;-12.35;0.0;SUBIR
2022-05-04;1651622400000;PINE3.SA;9.53;9.53;9.53;9.53;8.84;0;stock;10.07;-12.19;10.86;-12.24;0.0;SUBIR
2022-05-05;1651708800000;PINE3.SA;9.53;9.53;9.53;9.53;8.84;0;stock;10.05;-12.08;10.85;-12.13;0.0;SUBIR
2022-05-06;1651795200000;PINE3.SA;9.53;9.53;9.53;9.53;8.84;0;stock;10.04;-11.98;10.83;-12.03;0.0;SUBIR
2022-05-09;1652054400000;PINE3.SA;9.53;9.53;9.53;9.53;8.84;0;stock;10.03;-11.87;10.82;-11.92;0.0;SUBIR
2022-05-10;1652140800000;PINE3.SA;9.53;9.53;9.53;9.53;8.84;0;stock;10.02;-11.77;10.81;-11.82;0.0;SUBIR
2022-05-11;1652227200000;PINE3.SA;9.53;9.53;9.53;9.53;8.84;0;stock;10.01;-11.66;10.79;-11.71;0.0;SUBIR
2022-05-12;1652313600000;PINE3.SA;9.53;9.53;9.53;9.53;8.84;0;stock;10.0;-11.56;10.78;-11.61;0.0;SUBIR
2022-05-13;1652400000000;PINE3.SA;9.53;9.53;9.53;9.53;8.84;0;stock;9.98;-11.46;10.77;-11.51;0.0;SUBIR
2022-05-16;1652659200000;PINE3.SA;9.53;9.53;9.53;9.53;8.84;0;stock;9.97;-11.36;10.76;-11.4;0.0;SUBIR
2022-05-17;1652745600000;PINE3.SA;9.53;9.53;9.53;9.53;8.84;0;stock;9.96;-11.26;10.74;-11.3;0.0;SUBIR
2022-05-18;1652832000000;PINE3.SA;9.53;9.53;9.53;9.53;8.84;0;stock;9.95;-11.16;10.73;-11.2;0.0;SUBIR
2022-05-19;1652918400000;PINE3.SA;9.53;9.53;9.53;9.53;8.84;0;stock;9.94;-11.06;10.72;-11.11;0.0;SUBIR
2022-05-20;1653004800000;PINE3.SA;9.53;9.53;9.53;9.53;8.84;0;stock;9.93;-10.96;10.71;-11.01;0.0;SUBIR
2022-05-23;1653264000000;PINE3.SA;9.53;9.53;9.53;9.53;8.84;0;stock;9.92;-10.87;10.7;-10.91;0.0;SUBIR
2022-05-24;1653350400000;PINE3.SA;9.53;9.53;9.53;9.53;8.84;0;stock;9.91;-10.77;10.69;-10.81;0.0;SUBIR
2022-05-25;1653436800000;PINE3.SA;9.53;9.53;9.53;9.53;8.84;0;stock;9.9;-10.67;10.67;-10.72;0.0;SUBIR
2022-05-26;1653523200000;PINE3.SA;9.53;9.53;9.53;9.53;8.84;0;stock;9.89;-10.58;10.66;-10.62;0.0;SUBIR
2022-05-27;1653609600000;PINE3.SA;9.53;9.53;9.53;9.53;8.84;0;stock;9.88;-10.48;10.65;-10.53;0.0;SUBIR
2022-05-30;1653868800000;PINE3.SA;9.53;9.53;9.53;9.53;8.84;0;stock;9.87;-10.39;10.64;-10.43;0.0;SUBIR
2022-05-31;1653955200000;PINE3.SA;9.53;9.53;9.53;9.53;8.84;0;stock;9.85;-10.3;10.63;-10.34;0.0;SUBIR
2022-06-01;1654041600000;PINE3.SA;9.53;9.53;9.53;9.53;8.84;0;stock;9.84;-10.21;10.62;-10.25;0.0;SUBIR
2022-06-02;1654128000000;PINE3.SA;9.53;9.53;9.53;9.53;8.84;0;stock;9.83;-10.11;10.61;-10.16;0.0;SUBIR
2022-06-03;1654214400000;PINE3.SA;9.53;9.53;9.53;9.53;8.84;0;stock;9.82;-10.02;10.6;-10.06;0.0;SUBIR
2022-06-06;1654473600000;PINE3.SA;9.53;9.53;9.53;9.53;8.84;0;stock;9.82;-9.93;10.59;-9.97;0.0;SUBIR
2022-06-07;1654560000000;PINE3.SA;9.53;9.53;9.53;9.53;8.84;0;stock;9.81;-9.84;10.58;-9.89;0.0;SUBIR
2022-06-08;1654646400000;PINE3.SA;9.53;9.53;9.53;9.53;8.84;0;stock;9.8;-9.76;10.57;-9.8;0.0;SUBIR
2022-06-09;1654732800000;PINE3.SA;9.53;9.53;9.53;9.53;8.84;0;stock;9.79;-9.67;10.55;-9.71;0.0;SUBIR
2022-06-10;1654819200000;PINE3.SA;9.53;9.53;9.53;9.53;8.84;0;stock;9.78;-9.58;10.54;-9.62;0.0;SUBIR
2022-06-13;1655078400000;PINE3.SA;9.53;9.53;9.53;9.53;8.84;0;stock;9.77;-9.5;10.53;-9.53;0.0;SUBIR
2022-06-14;1655164800000;PINE3.SA;9.53;9.53;9.53;9.53;8.84;0;stock;9.76;-9.41;10.52;-9.45;0.0;SUBIR
2022-06-15;1655251200000;PINE3.SA;9.53;9.53;9.53;9.53;8.84;0;stock;9.75;-9.33;10.51;-9.36;0.0;SUBIR
2022-06-17;1655424000000;PINE3.SA;9.53;9.53;9.53;9.53;8.84;0;stock;9.74;-9.24;10.5;-9.28;0.0;SUBIR
2022-06-20;1655683200000;PINE3.SA;9.53;9.53;9.53;9.53;8.84;0;stock;9.73;-9.16;10.5;-9.2;0.0;SUBIR
2022-06-21;1655769600000;PINE3.SA;9.53;9.53;9.53;9.53;8.84;0;stock;9.72;-9.07;10.49;-9.11;0.0;SUBIR
2022-06-22;1655856000000;PINE3.SA;9.53;9.53;9.53;9.53;8.84;0;stock;9.71;-8.99;10.48;-9.03;0.0;SUBIR
2022-06-23;1655942400000;PINE3.SA;9.53;9.53;9.53;9.53;8.84;0;stock;9.7;-8.91;10.47;-8.95;0.0;SUBIR
2022-06-24;1656028800000;PINE3.SA;9.53;9.53;9.53;9.53;8.84;0;stock;9.7;-8.83;10.46;-8.87;0.0;SUBIR
2022-06-27;1656288000000;PINE3.SA;9.53;9.53;9.53;9.53;8.84;0;stock;9.69;-8.75;10.45;-8.79;0.0;SUBIR
2022-06-28;1656374400000;PINE3.SA;9.53;9.53;9.53;9.53;8.84;0;stock;9.68;-8.67;10.44;-8.71;0.0;SUBIR
2022-06-29;1656460800000;PINE3.SA;9.53;9.53;9.53;9.53;8.84;0;stock;9.67;-8.59;10.43;-8.63;0.0;SUBIR
2022-06-30;1656547200000;PINE3.SA;9.53;9.53;9.53;9.53;8.84;0;stock;9.66;-8.51;10.42;-8.55;0.0;SUBIR
2022-07-01;1656633600000;PINE3.SA;9.53;9.53;9.53;9.53;8.84;0;stock;9.65;-8.44;10.41;-8.47;0.0;SUBIR
2022-07-04;1656892800000;PINE3.SA;9.53;9.53;9.53;9.53;8.84;0;stock;9.65;-8.36;10.4;-8.39;0.0;SUBIR
2022-07-05;1656979200000;PINE3.SA;9.53;9.53;9.53;9.53;8.84;0;stock;9.64;-8.28;10.39;-8.32;0.0;SUBIR
2022-07-06;1657065600000;PINE3.SA;9.53;9.53;9.53;9.53;8.84;0;stock;9.63;-8.21;10.39;-8.24;0.0;SUBIR
2022-07-07;1657152000000;PINE3.SA;9.53;9.53;9.53;9.53;8.84;0;stock;9.62;-8.13;10.38;-8.17;0.0;SUBIR
2022-07-08;1657238400000;PINE3.SA;9.53;9.53;9.53;9.53;8.84;0;stock;9.61;-8.06;10.37;-8.09;0.0;SUBIR
2022-07-11;1657497600000;PINE3.SA;9.53;9.53;9.53;9.53;8.84;0;stock;9.61;-7.98;10.36;-8.02;0.0;SUBIR
2022-07-12;1657584000000;PINE3.SA;9.53;9.53;9.53;9.53;8.84;0;stock;9.6;-7.91;10.35;-7.94;0.0;SUBIR
2022-07-13;1657670400000;PINE3.SA;9.53;9.53;9.53;9.53;8.84;0;stock;9.59;-7.84;10.34;-7.87;0.0;SUBIR
2022-07-14;1657756800000;PINE3.SA;9.53;9.53;9.53;9.53;8.84;0;stock;9.58;-7.77;10.34;-7.8;0.0;SUBIR
2022-07-15;1657843200000;PINE3.SA;9.53;9.53;9.53;9.53;8.84;0;stock;9.58;-7.69;10.33;-7.73;0.0;SUBIR
2022-07-18;1658102400000;PINE3.SA;9.53;9.53;9.53;9.53;8.84;0;stock;9.57;-7.62;10.32;-7.66;0.0;SUBIR
2022-07-19;1658188800000;PINE3.SA;9.53;9.53;9.53;9.53;8.84;0;stock;9.56;-7.55;10.31;-7.59;0.0;SUBIR
2022-07-20;1658275200000;PINE3.SA;9.53;9.53;9.53;9.53;8.84;0;stock;9.56;-7.48;10.3;-7.52;0.0;SUBIR
2022-07-21;1658361600000;PINE3.SA;9.53;9.53;9.53;9.53;8.84;0;stock;9.55;-7.42;10.3;-7.45;0.0;SUBIR
2022-07-22;1658448000000;PINE3.SA;9.53;9.53;9.53;9.53;8.84;0;stock;9.54;-7.35;10.29;-7.38;0.0;SUBIR
2022-07-25;1658707200000;PINE3.SA;9.53;9.53;9.53;9.53;8.84;0;stock;9.53;-7.28;10.28;-7.31;0.0;SUBIR
2022-07-26;1658793600000;PINE3.SA;9.53;9.53;9.53;9.53;8.84;0;stock;9.53;-7.21;10.27;-7.24;0.0;SUBIR
2022-07-27;1658880000000;PINE3.SA;9.53;9.53;9.53;9.53;8.84;0;stock;9.52;-7.15;10.27;-7.18;0.0;SUBIR
2022-07-28;1658966400000;PINE3.SA;9.53;9.53;9.53;9.53;8.84;0;stock;9.51;-7.08;10.26;-7.11;0.0;SUBIR
2022-07-29;1659052800000;PINE3.SA;9.53;9.53;9.53;9.53;8.84;0;stock;9.51;-7.01;10.25;-7.04;0.0;SUBIR
2022-08-01;1659312000000;PINE3.SA;9.53;9.53;9.53;9.53;8.84;0;stock;9.5;-6.95;10.24;-6.98;0.0;SUBIR
2022-08-02;1659398400000;PINE3.SA;9.53;9.53;9.53;9.53;8.84;0;stock;9.49;-6.88;10.24;-6.91;0.0;SUBIR
2022-08-03;1659484800000;PINE3.SA;9.53;9.53;9.53;9.53;8.84;0;stock;9.49;-6.82;10.23;-6.85;0.0;SUBIR
2022-08-04;1659571200000;PINE3.SA;9.53;9.53;9.53;9.53;8.84;0;stock;9.48;-6.76;10.22;-6.79;0.0;SUBIR
2022-08-05;1659657600000;PINE3.SA;9.53;9.53;9.53;9.53;8.84;0;stock;9.47;-6.69;10.22;-6.72;0.0;SUBIR
2022-08-08;1659916800000;PINE3.SA;9.53;9.53;9.53;9.53;8.84;0;stock;9.47;-6.63;10.21;-6.66;0.0;SUBIR
2022-08-09;1660003200000;PINE3.SA;9.53;9.53;9.53;9.53;8.84;0;stock;9.46;-6.57;10.2;-6.6;0.0;SUBIR
2022-08-10;1660089600000;PINE3.SA;9.53;9.53;9.53;9.53;8.84;0;stock;9.46;-6.51;10.2;-6.54;0.0;SUBIR
2022-08-11;1660176000000;PINE3.SA;9.53;9.53;9.53;9.53;8.84;0;stock;9.45;-6.45;10.19;-6.48;0.0;SUBIR
2022-08-12;1660262400000;PINE3.SA;9.53;9.53;9.53;9.53;8.84;0;stock;9.44;-6.39;10.18;-6.42;0.0;SUBIR
2022-08-15;1660521600000;PINE3.SA;9.53;9.53;9.53;9.53;8.84;0;stock;9.44;-6.33;10.18;-6.36;0.0;SUBIR
2022-08-16;1660608000000;PINE3.SA;9.53;9.53;9.53;9.53;8.84;0;stock;9.43;-6.27;10.17;-6.3;0.0;SUBIR
2022-08-17;1660694400000;PINE3.SA;9.53;9.53;9.53;9.53;8.84;0;stock;9.43;-6.21;10.16;-6.24;0.0;SUBIR
2022-08-18;1660780800000;PINE3.SA;9.53;9.53;9.53;9.53;8.84;0;stock;9.42;-6.15;10.16;-6.18;0.0;SUBIR
2022-08-19;1660867200000;PINE3.SA;9.53;9.53;9.53;9.53;8.84;0;stock;9.41;-6.1;10.15;-6.12;0.0;SUBIR
2022-08-22;1661126400000;PINE3.SA;9.53;9.53;9.53;9.53;8.84;0;stock;9.41;-6.04;10.15;-6.07;0.0;SUBIR
2022-08-23;1661212800000;PINE3.SA;9.53;9.53;9.53;9.53;8.84;0;stock;9.4;-5.98;10.14;-6.01;0.0;SUBIR
2022-08-24;1661299200000;PINE3.SA;9.53;9.53;9.53;9.53;8.84;0;stock;9.4;-5.93;10.13;-5.95;0.0;SUBIR
2022-08-25;1661385600000;PINE3.SA;9.53;9.53;9.53;9.53;8.84;0;stock;9.39;-5.87;10.13;-5.9;0.0;SUBIR
2022-08-26;1661472000000;PINE3.SA;9.53;9.53;9.53;9.53;8.84;0;stock;9.39;-5.82;10.12;-5.84;0.0;SUBIR
2022-08-29;1661731200000;PINE3.SA;9.53;9.53;9.53;9.53;8.84;0;stock;9.38;-5.76;10.12;-5.79;0.0;SUBIR
2022-08-30;1661817600000;PINE3.SA;9.53;9.53;9.53;9.53;8.84;0;stock;9.38;-5.71;10.11;-5.73;0.0;SUBIR
2022-08-31;1661904000000;PINE3.SA;9.53;9.53;9.53;9.53;8.84;0;stock;9.37;-5.65;10.1;-5.68;0.0;SUBIR
2022-09-01;1661990400000;PINE3.SA;9.53;9.53;9.53;9.53;8.84;0;stock;9.36;-5.6;10.1;-5.63;0.0;SUBIR
2022-09-02;1662076800000;PINE3.SA;9.53;9.53;9.53;9.53;8.84;0;stock;9.36;-5.55;10.09;-5.57;0.0;SUBIR
2022-09-05;1662336000000;PINE3.SA;9.53;9.53;9.53;9.53;8.84;0;stock;9.35;-5.5;10.09;-5.52;0.0;SUBIR
2022-09-06;1662422400000;PINE3.SA;9.53;9.53;9.53;9.53;8.84;0;stock;9.35;-5.44;10.08;-5.47;0.0;SUBIR
2022-09-08;1662595200000;PINE3.SA;9.53;9.53;9.53;9.53;8.84;0;stock;9.34;-5.39;10.08;-5.42;0.0;SUBIR
2022-09-09;1662681600000;PINE3.SA;9.53;9.53;9.53;9.53;8.84;0;stock;9.34;-5.34;10.07;-5.37;0.0;SUBIR
2022-09-12;1662940800000;PINE3.SA;9.53;9.53;9.53;9.53;8.84;0;stock;9.33;-5.29;10.06;-5.31;0.0;SUBIR
2022-09-13;1663027200000;PINE3.SA;9.53;9.53;9.53;9.53;8.84;0;stock;9.33;-5.24;10.06;-5.26;0.0;SUBIR
2022-09-14;1663113600000;PINE3.SA;9.53;9.53;9.53;9.53;8.84;0;stock;9.32;-5.19;10.05;-5.22;0.0;SUBIR
2022-09-15;1663200000000;PINE3.SA;9.53;9.53;9.53;9.53;8.84;0;stock;9.32;-5.14;10.05;-5.17;0.0;SUBIR
2022-09-16;1663286400000;PINE3.SA;9.53;9.53;9.53;9.53;8.84;0;stock;9.31;-5.1;10.04;-5.12;0.0;SUBIR
2022-09-19;1663545600000;PINE3.SA;9.53;9.53;9.53;9.53;8.84;0;stock;9.31;-5.05;10.04;-5.07;0.0;SUBIR
2022-09-20;1663632000000;PINE3.SA;9.53;9.53;9.53;9.53;8.84;0;stock;9.31;-5.0;10.03;-5.02;0.0;SUBIR
2022-09-21;1663718400000;PINE3.SA;9.53;9.53;9.53;9.53;8.84;0;stock;9.3;-4.95;10.03;-4.97;0.0;SUBIR
2022-09-22;1663804800000;PINE3.SA;9.53;9.53;9.53;9.53;8.84;0;stock;9.3;-4.91;10.02;-4.93;0.0;SUBIR
2022-09-23;1663891200000;PINE3.SA;9.53;9.53;9.53;9.53;8.84;0;stock;9.29;-4.86;10.02;-4.88;0.0;SUBIR
2022-09-26;1664150400000;PINE3.SA;9.53;9.53;9.53;9.53;8.84;0;stock;9.29;-4.81;10.01;-4.83;0.0;SUBIR
2022-09-27;1664236800000;PINE3.SA;9.53;9.53;9.53;9.53;8.84;0;stock;9.28;-4.77;10.01;-4.79;0.0;SUBIR
2022-09-28;1664323200000;PINE3.SA;9.53;9.53;9.53;9.53;8.84;0;stock;9.28;-4.72;10.0;-4.74;0.0;SUBIR
2022-09-29;1664409600000;PINE3.SA;9.53;9.53;9.53;9.53;8.84;0;stock;9.27;-4.68;10.0;-4.7;0.0;SUBIR
2022-09-30;1664496000000;PINE3.SA;9.53;9.53;9.53;9.53;8.84;0;stock;9.27;-4.63;10.0;-4.65;0.0;SUBIR
2022-10-03;1664755200000;PINE3.SA;9.53;9.53;9.53;9.53;8.84;0;stock;9.27;-4.59;9.99;-4.61;0.0;SUBIR
2022-10-04;1664841600000;PINE3.SA;9.53;9.53;9.53;9.53;8.84;0;stock;9.26;-4.55;9.99;-4.56;0.0;SUBIR
2022-10-05;1664928000000;PINE3.SA;9.53;9.53;9.53;9.53;8.84;0;stock;9.26;-4.5;9.98;-4.52;0.0;SUBIR
2022-10-06;1665014400000;PINE3.SA;9.53;9.53;9.53;9.53;8.84;0;stock;9.25;-4.46;9.98;-4.48;0.0;SUBIR
2022-10-07;1665100800000;PINE3.SA;9.53;9.53;9.53;9.53;8.84;0;stock;9.25;-4.42;9.97;-4.44;0.0;SUBIR
2022-10-10;1665360000000;PINE3.SA;9.53;9.53;9.53;9.53;8.84;0;stock;9.24;-4.37;9.97;-4.39;0.0;SUBIR
2022-10-11;1665446400000;PINE3.SA;9.53;9.53;9.53;9.53;8.84;0;stock;9.24;-4.33;9.96;-4.35;0.0;SUBIR
2022-10-13;1665619200000;PINE3.SA;9.53;9.53;9.53;9.53;8.84;0;stock;9.24;-4.29;9.96;-4.31;0.0;SUBIR
2022-10-14;1665705600000;PINE3.SA;9.53;9.53;9.53;9.53;8.84;0;stock;9.23;-4.25;9.96;-4.27;0.0;SUBIR
2022-10-17;1665964800000;PINE3.SA;9.53;9.53;9.53;9.53;8.84;0;stock;9.23;-4.21;9.95;-4.23;0.0;SUBIR
2022-10-18;1666051200000;PINE3.SA;9.53;9.53;9.53;9.53;8.84;0;stock;9.22;-4.17;9.95;-4.19;0.0;SUBIR
2022-10-19;1666137600000;PINE3.SA;9.53;9.53;9.53;9.53;8.84;0;stock;9.22;-4.13;9.94;-4.15;0.0;SUBIR
2022-10-20;1666224000000;PINE3.SA;9.53;9.53;9.53;9.53;8.84;0;stock;9.22;-4.09;9.94;-4.11;0.0;SUBIR
2022-10-21;1666310400000;PINE3.SA;9.53;9.53;9.53;9.53;8.84;0;stock;9.21;-4.05;9.93;-4.07;0.0;SUBIR
2022-10-24;1666569600000;PINE3.SA;9.53;9.53;9.53;9.53;8.84;0;stock;9.21;-4.01;9.93;-4.03;0.0;SUBIR
2022-10-25;1666656000000;PINE3.SA;9.53;9.53;9.53;9.53;8.84;0;stock;9.21;-3.98;9.93;-3.99;0.0;SUBIR
2022-10-26;1666742400000;PINE3.SA;9.53;9.53;9.53;9.53;8.84;0;stock;9.2;-3.94;9.92;-3.95;0.0;SUBIR
2022-10-27;1666828800000;PINE3.SA;9.53;9.53;9.53;9.53;8.84;0;stock;9.2;-3.9;9.92;-3.92;0.0;SUBIR
2022-10-28;1666915200000;PINE3.SA;9.53;9.53;9.53;9.53;8.84;0;stock;9.2;-3.86;9.91;-3.88;0.0;SUBIR
2022-10-31;1667174400000;PINE3.SA;9.53;9.53;9.53;9.53;8.84;0;stock;9.19;-3.83;9.91;-3.84;0.0;SUBIR
2022-11-01;1667260800000;PINE3.SA;9.53;9.53;9.53;9.53;8.84;0;stock;9.19;-3.79;9.91;-3.81;0.0;SUBIR
2022-11-03;1667433600000;PINE3.SA;9.53;9.53;9.53;9.53;8.84;0;stock;9.18;-3.75;9.9;-3.77;0.0;SUBIR
2022-11-04;1667520000000;PINE3.SA;9.53;9.53;9.53;9.53;8.84;0;stock;9.18;-3.72;9.9;-3.73;0.0;SUBIR
2022-11-07;1667779200000;PINE3.SA;9.53;9.53;9.53;9.53;8.84;0;stock;9.18;-3.68;9.9;-3.7;0.0;SUBIR
2022-11-08;1667865600000;PINE3.SA;9.53;9.53;9.53;9.53;8.84;0;stock;9.17;-3.65;9.89;-3.66;0.0;SUBIR
2022-11-09;1667952000000;PINE3.SA;9.53;9.53;9.53;9.53;8.84;0;stock;9.17;-3.61;9.89;-3.63;0.0;SUBIR
2022-11-10;1668038400000;PINE3.SA;9.53;9.53;9.53;9.53;8.84;0;stock;9.17;-3.58;9.89;-3.59;0.0;SUBIR
2022-11-11;1668124800000;PINE3.SA;9.53;9.53;9.53;9.53;8.84;0;stock;9.16;-3.54;9.88;-3.56;0.0;SUBIR
2022-11-14;1668384000000;PINE3.SA;9.53;9.53;9.53;9.53;8.84;0;stock;9.16;-3.51;9.88;-3.52;0.0;SUBIR
2022-11-16;1668556800000;PINE3.SA;9.53;9.53;9.53;9.53;8.84;0;stock;9.16;-3.47;9.87;-3.49;0.0;SUBIR
2022-11-17;1668643200000;PINE3.SA;9.53;9.53;9.53;9.53;8.84;0;stock;9.15;-3.44;9.87;-3.46;0.0;SUBIR
2022-11-18;1668729600000;PINE3.SA;9.53;9.53;9.53;9.53;8.84;0;stock;9.15;-3.41;9.87;-3.42;0.0;SUBIR
2022-11-21;1668988800000;PINE3.SA;9.53;9.53;9.53;9.53;8.84;0;stock;9.15;-3.37;9.86;-3.39;0.0;SUBIR
2022-11-22;1669075200000;PINE3.SA;9.53;9.53;9.53;9.53;8.84;0;stock;9.15;-3.34;9.86;-3.36;0.0;SUBIR
2022-11-23;1669161600000;PINE3.SA;9.53;9.53;9.53;9.53;8.84;0;stock;9.14;-3.31;9.86;-3.32;0.0;SUBIR
2022-11-24;1669248000000;PINE3.SA;9.53;9.53;9.53;9.53;8.84;0;stock;9.14;-3.28;9.85;-3.29;0.0;SUBIR
2022-11-25;1669334400000;PINE3.SA;9.53;9.53;9.53;9.53;8.84;0;stock;9.14;-3.25;9.85;-3.26;0.0;SUBIR
2022-11-28;1669593600000;PINE3.SA;9.53;9.53;9.53;9.53;8.84;0;stock;9.13;-3.22;9.85;-3.23;0.0;SUBIR
2022-11-29;1669680000000;PINE3.SA;9.53;9.53;9.53;9.53;8.84;0;stock;9.13;-3.18;9.84;-3.2;0.0;SUBIR
2022-11-30;1669766400000;PINE3.SA;9.53;9.53;9.53;9.53;8.84;0;stock;9.13;-3.15;9.84;-3.17;0.0;SUBIR
2022-12-01;1669852800000;PINE3.SA;9.53;9.53;9.53;9.53;8.84;0;stock;9.12;-3.12;9.84;-3.14;0.0;SUBIR
2022-12-02;1669939200000;PINE3.SA;9.53;9.53;9.53;9.53;8.84;0;stock;9.12;-3.09;9.84;-3.11;0.0;SUBIR
2022-12-05;1670198400000;PINE3.SA;9.53;9.53;9.53;9.53;8.84;0;stock;9.12;-3.06;9.83;-3.08;0.0;SUBIR
2022-12-06;1670284800000;PINE3.SA;9.53;9.53;9.53;9.53;8.84;0;stock;9.12;-3.03;9.83;-3.05;0.0;SUBIR
2022-12-07;1670371200000;PINE3.SA;9.53;9.53;9.53;9.53;8.84;0;stock;9.11;-3.0;9.83;-3.02;0.0;SUBIR
2022-12-08;1670457600000;PINE3.SA;9.53;9.53;9.53;9.53;8.84;0;stock;9.11;-2.98;9.82;-2.99;0.0;SUBIR
2022-12-09;1670544000000;PINE3.SA;9.53;9.53;9.53;9.53;8.84;0;stock;9.11;-2.95;9.82;-2.96;0.0;SUBIR
2022-12-12;1670803200000;PINE3.SA;9.53;9.53;9.53;9.53;8.84;0;stock;9.11;-2.92;9.82;-2.93;0.0;SUBIR
2022-12-13;1670889600000;PINE3.SA;9.53;9.53;9.53;9.53;8.84;0;stock;9.1;-2.89;9.81;-2.9;0.0;SUBIR
2022-12-14;1670976000000;PINE3.SA;9.53;9.53;9.53;9.53;8.84;0;stock;9.1;-2.86;9.81;-2.87;0.0;SUBIR
2022-12-15;1671062400000;PINE3.SA;9.53;9.53;9.53;9.53;8.84;0;stock;9.1;-2.83;9.81;-2.85;0.0;SUBIR
2022-12-16;1671148800000;PINE3.SA;9.53;9.53;9.53;9.53;8.84;0;stock;9.1;-2.81;9.81;-2.82;0.0;SUBIR
2022-12-19;1671408000000;PINE3.SA;9.53;9.53;9.53;9.53;8.84;0;stock;9.09;-2.78;9.8;-2.79;0.0;SUBIR
2022-12-20;1671494400000;PINE3.SA;9.53;9.53;9.53;9.53;8.84;0;stock;9.09;-2.75;9.8;-2.77;0.0;SUBIR
2022-12-21;1671580800000;PINE3.SA;9.53;9.53;9.53;9.53;8.84;0;stock;9.09;-2.73;9.8;-2.74;0.0;SUBIR
2022-12-22;1671667200000;PINE3.SA;9.53;9.53;9.53;9.53;8.84;0;stock;9.09;-2.7;9.8;-2.71;0.0;SUBIR
2022-12-23;1671753600000;PINE3.SA;9.53;9.53;9.53;9.53;8.84;0;stock;9.08;-2.67;9.79;-2.69;0.0;SUBIR
2022-12-26;1672012800000;PINE3.SA;9.53;9.53;9.53;9.53;8.84;0;stock;9.08;-2.65;9.79;-2.66;0.0;SUBIR
2022-12-27;1672099200000;PINE3.SA;9.53;9.53;9.53;9.53;8.84;0;stock;9.08;-2.62;9.79;-2.63;0.0;SUBIR
2022-12-28;1672185600000;PINE3.SA;9.53;9.53;9.53;9.53;8.84;0;stock;9.08;-2.6;9.79;-2.61;0.0;SUBIR
2022-12-29;1672272000000;PINE3.SA;9.53;9.53;9.53;9.53;8.84;0;stock;9.07;-2.57;9.78;-2.58;0.0;SUBIR
2023-01-02;1672617600000;PINE3.SA;9.53;9.53;9.53;9.53;8.84;0;stock;9.07;-2.55;9.78;-2.56;0.0;SUBIR
2023-01-03;1672704000000;PINE3.SA;9.53;9.53;9.53;9.53;8.84;0;stock;9.07;-2.52;9.78;-2.53;0.0;SUBIR
2023-01-04;1672790400000;PINE3.SA;9.53;9.53;9.53;9.53;8.84;0;stock;9.07;-2.5;9.78;-2.51;0.0;SUBIR
2023-01-05;1672876800000;PINE3.SA;9.53;9.53;9.53;9.53;8.84;0;stock;9.06;-2.47;9.77;-2.48;0.0;SUBIR
2023-01-06;1672963200000;PINE3.SA;9.53;9.53;9.53;9.53;8.84;0;stock;9.06;-2.45;9.77;-2.46;0.0;SUBIR
2023-01-09;1673222400000;PINE3.SA;9.53;9.53;9.53;9.53;8.84;0;stock;9.06;-2.43;9.77;-2.44;0.0;SUBIR
2023-01-10;1673308800000;PINE3.SA;9.53;9.53;9.53;9.53;8.84;0;stock;9.06;-2.4;9.77;-2.41;0.0;SUBIR
2023-01-11;1673395200000;PINE3.SA;9.53;9.53;9.53;9.53;8.84;0;stock;9.06;-2.38;9.76;-2.39;0.0;SUBIR
2023-01-12;1673481600000;PINE3.SA;9.53;9.53;9.53;9.53;8.84;0;stock;9.05;-2.36;9.76;-2.37;0.0;SUBIR
2023-01-13;1673568000000;PINE3.SA;9.53;9.53;9.53;9.53;8.84;0;stock;9.05;-2.33;9.76;-2.34;0.0;SUBIR
2023-01-16;1673827200000;PINE3.SA;9.53;9.53;9.53;9.53;8.84;0;stock;9.05;-2.31;9.76;-2.32;0.0;SUBIR
2023-01-17;1673913600000;PINE3.SA;9.53;9.53;9.53;9.53;8.84;0;stock;9.05;-2.29;9.75;-2.3;0.0;SUBIR
2023-01-18;1674000000000;PINE3.SA;9.53;9.53;9.53;9.53;8.84;0;stock;9.04;-2.27;9.75;-2.28;0.0;SUBIR
2023-01-19;1674086400000;PINE3.SA;9.53;9.53;9.53;9.53;8.84;0;stock;9.04;-2.24;9.75;-2.25;0.0;SUBIR
2023-01-20;1674172800000;PINE3.SA;9.53;9.53;9.53;9.53;8.84;0;stock;9.04;-2.22;9.75;-2.23;0.0;SUBIR
2023-01-23;1674432000000;PINE3.SA;9.53;9.53;9.53;9.53;8.84;0;stock;9.04;-2.2;9.75;-2.21;0.0;SUBIR
2023-01-24;1674518400000;PINE3.SA;9.53;9.53;9.53;9.53;8.84;0;stock;9.04;-2.18;9.74;-2.19;0.0;SUBIR
2023-01-25;1674604800000;PINE3.SA;9.53;9.53;9.53;9.53;8.84;0;stock;9.03;-2.16;9.74;-2.17;0.0;SUBIR
2023-01-26;1674691200000;PINE3.SA;9.53;9.53;9.53;9.53;8.84;0;stock;9.03;-2.14;9.74;-2.15;0.0;SUBIR
2023-01-27;1674777600000;PINE3.SA;9.53;9.53;9.53;9.53;8.84;0;stock;9.03;-2.12;9.74;-2.12;0.0;SUBIR
2023-01-30;1675036800000;PINE3.SA;9.53;9.53;9.53;9.53;8.84;0;stock;9.03;-2.09;9.73;-2.1;0.0;SUBIR
2023-01-31;1675123200000;PINE3.SA;9.53;9.53;9.53;9.53;8.89;0;stock;9.03;-1.53;9.73;-2.08;100.0;ESTAVEL
2023-02-01;1675209600000;PINE3.SA;9.53;9.53;9.53;9.53;8.89;0;stock;9.03;-1.51;9.73;-2.06;100.0;ESTAVEL
2023-02-02;1675296000000;PINE3.SA;9.53;9.53;9.53;9.53;8.89;0;stock;9.03;-1.5;9.73;-2.04;100.0;ESTAVEL
2023-02-03;1675382400000;PINE3.SA;9.53;9.53;9.53;9.53;8.89;0;stock;9.02;-1.48;9.73;-2.02;100.0;ESTAVEL
2023-02-06;1675641600000;PINE3.SA;9.53;9.53;9.53;9.53;8.89;0;stock;9.02;-1.47;9.72;-2.0;100.0;ESTAVEL
2023-02-07;1675728000000;PINE3.SA;9.53;9.53;9.53;9.53;8.89;0;stock;9.02;-1.45;9.72;-1.98;100.0;ESTAVEL
2023-02-08;1675814400000;PINE3.SA;9.53;9.53;9.53;9.53;8.89;0;stock;9.02;-1.44;9.72;-1.96;100.0;ESTAVEL
2023-02-09;1675900800000;PINE3.SA;9.53;9.53;9.53;9.53;8.89;0;stock;9.02;-1.42;9.72;-1.95;100.0;ESTAVEL
2023-02-10;1675987200000;PINE3.SA;9.53;9.53;9.53;9.53;8.89;0;stock;9.02;-1.41;9.72;-1.93;100.0;ESTAVEL
2023-02-13;1676246400000;PINE3.SA;9.53;9.53;9.53;9.53;8.89;0;stock;9.02;-1.4;9.72;-1.91;100.0;ESTAVEL
2023-02-14;1676332800000;PINE3.SA;9.53;9.53;9.53;9.53;8.89;0;stock;9.01;-1.38;9.71;-1.89;100.0;ESTAVEL
2023-02-15;1676419200000;PINE3.SA;9.53;9.53;9.53;9.53;8.89;0;stock;9.01;-1.37;9.71;-1.87;100.0;ESTAVEL
2023-02-16;1676505600000;PINE3.SA;9.53;9.53;9.53;9.53;8.89;0;stock;9.01;-1.36;9.71;-1.85;100.0;ESTAVEL
2023-02-17;1676592000000;PINE3.SA;9.53;9.53;9.53;9.53;8.89;0;stock;9.01;-1.34;9.71;-1.83;100.0;ESTAVEL
2023-02-22;1677024000000;PINE3.SA;9.53;9.53;9.53;9.53;8.89;0;stock;9.01;-1.33;9.71;-1.82;100.0;ESTAVEL
2023-02-23;1677110400000;PINE3.SA;9.53;9.53;9.53;9.53;8.89;0;stock;9.01;-1.32;9.7;-1.8;100.0;ESTAVEL
2023-02-24;1677196800000;PINE3.SA;9.53;9.53;9.53;9.53;8.89;0;stock;9.01;-1.3;9.7;-1.78;100.0;ESTAVEL
2023-02-27;1677456000000;PINE3.SA;9.53;9.53;9.53;9.53;8.89;0;stock;9.01;-1.29;9.7;-1.76;100.0;ESTAVEL
2023-02-28;1677542400000;PINE3.SA;9.53;9.53;9.53;9.53;8.89;0;stock;9.01;-1.28;9.7;-1.75;100.0;ESTAVEL
2023-03-01;1677628800000;PINE3.SA;9.53;9.53;9.53;9.53;8.89;0;stock;9.0;-1.27;9.7;-1.73;100.0;ESTAVEL
2023-03-02;1677715200000;PINE3.SA;9.53;9.53;9.53;9.53;8.89;0;stock;9.0;-1.25;9.7;-1.71;100.0;ESTAVEL
2023-03-03;1677801600000;PINE3.SA;9.53;9.53;9.53;9.53;8.89;0;stock;9.0;-1.24;9.69;-1.7;100.0;ESTAVEL
2023-03-06;1678060800000;PINE3.SA;9.53;9.53;9.53;9.53;8.89;0;stock;9.0;-1.23;9.69;-1.68;100.0;ESTAVEL
2023-03-07;1678147200000;PINE3.SA;9.53;9.53;9.53;9.53;8.89;0;stock;9.0;-1.22;9.69;-1.66;100.0;ESTAVEL
2023-03-08;1678233600000;PINE3.SA;9.53;9.53;9.53;9.53;8.89;0;stock;9.0;-1.2;9.69;-1.65;100.0;ESTAVEL
2023-03-09;1678320000000;PINE3.SA;9.53;9.53;9.53;9.53;8.89;0;stock;9.0;-1.19;9.69;-1.63;100.0;ESTAVEL
2023-03-13;1678665600000;PINE3.SA;9.53;9.53;9.53;9.53;8.89;0;stock;9.0;-1.18;9.69;-1.61;100.0;ESTAVEL
2023-03-14;1678752000000;PINE3.SA;9.53;9.53;9.53;9.53;8.89;0;stock;9.0;-1.17;9.68;-1.6;100.0;ESTAVEL
2023-03-15;1678838400000;PINE3.SA;9.53;9.53;9.53;9.53;8.89;0;stock;8.99;-1.16;9.68;-1.58;100.0;ESTAVEL
2023-03-16;1678924800000;PINE3.SA;9.53;9.53;9.53;9.53;8.89;0;stock;8.99;-1.15;9.68;-1.57;100.0;ESTAVEL
2023-03-17;1679011200000;PINE3.SA;9.53;9.53;9.53;9.53;8.89;0;stock;8.99;-1.13;9.68;-1.55;100.0;ESTAVEL
2023-03-20;1679270400000;PINE3.SA;9.53;9.53;9.53;9.53;8.89;0;stock;8.99;-1.12;9.68;-1.54;100.0;ESTAVEL
2023-03-21;1679356800000;PINE3.SA;9.53;9.53;9.53;9.53;8.89;0;stock;8.99;-1.11;9.68;-1.52;100.0;ESTAVEL
2023-03-22;1679443200000;PINE3.SA;9.53;9.53;9.53;9.53;8.89;0;stock;8.99;-1.1;9.68;-1.51;100.0;ESTAVEL
2023-03-23;1679529600000;PINE3.SA;9.53;9.53;9.53;9.53;8.89;0;stock;8.99;-1.09;9.67;-1.49;100.0;ESTAVEL
2023-03-24;1679616000000;PINE3.SA;9.53;9.53;9.53;9.53;8.89;0;stock;8.99;-1.08;9.67;-1.48;100.0;ESTAVEL
2023-03-27;1679875200000;PINE3.SA;9.53;9.53;9.53;9.53;8.89;0;stock;8.99;-1.07;9.67;-1.46;100.0;ESTAVEL
2023-03-28;1679961600000;PINE3.SA;9.53;9.53;9.53;9.53;8.89;0;stock;8.99;-1.06;9.67;-1.45;100.0;ESTAVEL
2023-03-29;1680048000000;PINE3.SA;9.53;9.53;9.53;9.53;8.89;0;stock;8.98;-1.05;9.67;-1.43;100.0;ESTAVEL
2023-03-30;1680134400000;PINE3.SA;9.53;9.53;9.53;9.53;8.89;0;stock;8.98;-1.04;9.67;-1.42;100.0;ESTAVEL
2023-03-31;1680220800000;PINE3.SA;9.53;9.53;9.53;9.53;8.89;0;stock;8.98;-1.03;9.67;-1.41;100.0;ESTAVEL
2023-04-03;1680480000000;PINE3.SA;9.53;9.53;9.53;9.53;8.89;0;stock;8.98;-1.02;9.66;-1.39;100.0;ESTAVEL
2023-04-04;1680566400000;PINE3.SA;9.53;9.53;9.53;9.53;8.89;0;stock;8.98;-1.01;9.66;-1.38;100.0;ESTAVEL
2023-04-05;1680652800000;PINE3.SA;9.53;9.53;9.53;9.53;8.89;0;stock;8.98;-1.0;9.66;-1.37;100.0;ESTAVEL
2023-04-06;1680739200000;PINE3.SA;9.53;9.53;9.53;9.53;8.89;0;stock;8.98;-0.99;9.66;-1.35;100.0;ESTAVEL
2023-04-10;1681084800000;PINE3.SA;9.53;9.53;9.53;9.53;8.89;0;stock;8.98;-0.98;9.66;-1.34;100.0;ESTAVEL
2023-04-11;1681171200000;PINE3.SA;9.53;9.53;9.53;9.53;8.89;0;stock;8.98;-0.97;9.66;-1.33;100.0;ESTAVEL
2023-04-12;1681257600000;PINE3.SA;9.53;9.53;9.53;9.53;8.89;0;stock;8.98;-0.96;9.66;-1.31;100.0;ESTAVEL
2023-04-13;1681344000000;PINE3.SA;9.53;9.53;9.53;9.53;8.89;0;stock;8.98;-0.95;9.66;-1.3;100.0;ESTAVEL
2023-04-14;1681430400000;PINE3.SA;9.53;9.53;9.53;9.53;8.89;0;stock;8.97;-0.94;9.65;-1.29;100.0;ESTAVEL
2023-04-17;1681689600000;PINE3.SA;9.53;9.53;9.53;9.53;8.89;0;stock;8.97;-0.93;9.65;-1.27;100.0;ESTAVEL
2023-04-18;1681776000000;PINE3.SA;9.53;9.53;9.53;9.53;8.89;0;stock;8.97;-0.92;9.65;-1.26;100.0;ESTAVEL
2023-04-19;1681862400000;PINE3.SA;9.53;9.53;9.53;9.53;8.89;0;stock;8.97;-0.91;9.65;-1.25;100.0;ESTAVEL
2023-04-20;1681948800000;PINE3.SA;9.53;9.53;9.53;9.53;8.89;0;stock;8.97;-0.9;9.65;-1.24;100.0;ESTAVEL
2023-04-24;1682294400000;PINE3.SA;9.53;9.53;9.53;9.53;8.89;0;stock;8.97;-0.89;9.65;-1.22;100.0;ESTAVEL
2023-04-25;1682380800000;PINE3.SA;9.53;9.53;9.53;9.53;8.89;0;stock;8.97;-0.89;9.65;-1.21;100.0;ESTAVEL
2023-04-26;1682467200000;PINE3.SA;9.53;9.53;9.53;9.53;8.89;0;stock;8.97;-0.88;9.65;-1.2;100.0;ESTAVEL
2023-04-27;1682553600000;PINE3.SA;9.53;9.53;9.53;9.53;8.89;0;stock;8.97;-0.87;9.64;-1.19;100.0;ESTAVEL
2023-04-28;1682640000000;PINE3.SA;9.53;9.53;9.53;9.53;8.89;0;stock;8.97;-0.86;9.64;-1.18;100.0;ESTAVEL
2023-05-02;1682985600000;PINE3.SA;9.53;9.53;9.53;9.53;8.89;0;stock;8.97;-0.85;9.64;-1.17;100.0;ESTAVEL
2023-05-03;1683072000000;PINE3.SA;9.53;9.53;9.53;9.53;8.89;0;stock;8.97;-0.84;9.64;-1.15;100.0;ESTAVEL
2023-05-04;1683158400000;PINE3.SA;9.53;9.53;9.53;9.53;8.89;0;stock;8.96;-0.83;9.64;-1.14;100.0;ESTAVEL
2023-05-05;1683244800000;PINE3.SA;9.53;9.53;9.53;9.53;8.89;0;stock;8.96;-0.83;9.64;-1.13;100.0;ESTAVEL
2023-05-08;1683504000000;PINE3.SA;9.53;9.53;9.53;9.53;8.89;0;stock;8.96;-0.82;9.64;-1.12;100.0;ESTAVEL
2023-05-09;1683590400000;PINE3.SA;9.53;9.53;9.53;9.53;8.89;0;stock;8.96;-0.81;9.64;-1.11;100.0;ESTAVEL
2023-05-10;1683676800000;PINE3.SA;9.53;9.53;9.53;9.53;8.89;0;stock;8.96;-0.8;9.64;-1.1;100.0;ESTAVEL
2023-05-11;1683763200000;PINE3.SA;9.53;9.53;9.53;9.53;8.89;0;stock;8.96;-0.79;9.63;-1.09;100.0;ESTAVEL
2023-05-12;1683849600000;PINE3.SA;9.53;9.53;9.53;9.53;8.89;0;stock;8.96;-0.79;9.63;-1.08;100.0;ESTAVEL
2023-05-15;1684108800000;PINE3.SA;9.53;9.53;9.53;9.53;8.89;0;stock;8.96;-0.78;9.63;-1.07;100.0;ESTAVEL
2023-05-16;1684195200000;PINE3.SA;9.53;9.53;9.53;9.53;8.89;0;stock;8.96;-0.77;9.63;-1.06;100.0;ESTAVEL
2023-05-17;1684281600000;PINE3.SA;9.53;9.53;9.53;9.53;8.89;0;stock;8.96;-0.76;9.63;-1.05;100.0;ESTAVEL
2023-05-18;1684368000000;PINE3.SA;9.53;9.53;9.53;9.53;8.89;0;stock;8.96;-0.76;9.63;-1.04;100.0;ESTAVEL
2023-05-19;1684454400000;PINE3.SA;9.53;9.53;9.53;9.53;8.89;0;stock;8.96;-0.75;9.63;-1.03;100.0;ESTAVEL
2023-05-22;1684713600000;PINE3.SA;9.53;9.53;9.53;9.53;8.89;0;stock;8.96;-0.74;9.63;-1.02;100.0;ESTAVEL
2023-05-23;1684800000000;PINE3.SA;9.53;9.53;9.53;9.53;8.89;0;stock;8.96;-0.73;9.63;-1.01;100.0;ESTAVEL
2023-05-24;1684886400000;PINE3.SA;9.53;9.53;9.53;9.53;8.89;0;stock;8.96;-0.73;9.63;-1.0;100.0;ESTAVEL
2023-05-25;1684972800000;PINE3.SA;9.53;9.53;9.53;9.53;8.89;0;stock;8.95;-0.72;9.62;-0.99;100.0;ESTAVEL
2023-05-26;1685059200000;PINE3.SA;9.53;9.53;9.53;9.53;8.89;0;stock;8.95;-0.71;9.62;-0.98;100.0;ESTAVEL
2023-05-29;1685318400000;PINE3.SA;9.53;9.53;9.53;9.53;8.89;0;stock;8.95;-0.71;9.62;-0.97;100.0;ESTAVEL
2023-05-30;1685404800000;PINE3.SA;9.53;9.53;9.53;9.53;8.89;0;stock;8.95;-0.7;9.62;-0.96;100.0;ESTAVEL
2023-05-31;1685491200000;PINE3.SA;9.53;9.53;9.53;9.53;8.89;0;stock;8.95;-0.69;9.62;-0.95;100.0;ESTAVEL
2023-06-01;1685577600000;PINE3.SA;9.53;9.53;9.53;9.53;8.89;0;stock;8.95;-0.68;9.62;-0.94;100.0;ESTAVEL
2023-06-02;1685664000000;PINE3.SA;9.53;9.53;9.53;9.53;8.89;0;stock;8.95;-0.68;9.62;-0.93;100.0;ESTAVEL
2023-06-05;1685923200000;PINE3.SA;9.53;9.53;9.53;9.53;8.89;0;stock;8.95;-0.67;9.62;-0.92;100.0;ESTAVEL
2023-06-06;1686009600000;PINE3.SA;9.53;9.53;9.53;9.53;8.89;0;stock;8.95;-0.66;9.62;-0.91;100.0;ESTAVEL
2023-06-07;1686096000000;PINE3.SA;9.53;9.53;9.53;9.53;8.89;0;stock;8.95;-0.66;9.62;-0.9;100.0;ESTAVEL
2023-06-09;1686268800000;PINE3.SA;9.53;9.53;9.53;9.53;8.89;0;stock;8.95;-0.65;9.62;-0.89;100.0;ESTAVEL
2023-06-12;1686528000000;PINE3.SA;9.53;9.53;9.53;9.53;8.89;0;stock;8.95;-0.64;9.61;-0.88;100.0;ESTAVEL
2023-06-13;1686614400000;PINE3.SA;9.53;9.53;9.53;9.53;8.89;0;stock;8.95;-0.64;9.61;-0.87;100.0;ESTAVEL
2023-06-14;1686700800000;PINE3.SA;9.53;9.53;9.53;9.53;8.89;0;stock;8.95;-0.63;9.61;-0.87;100.0;ESTAVEL
2023-06-15;1686787200000;PINE3.SA;9.53;9.53;9.53;9.53;8.89;0;stock;8.95;-0.63;9.61;-0.86;100.0;ESTAVEL
2023-06-16;1686873600000;PINE3.SA;9.53;9.53;9.53;9.53;8.89;0;stock;8.95;-0.62;9.61;-0.85;100.0;ESTAVEL
2023-06-19;1687132800000;PINE3.SA;9.53;9.53;9.53;9.53;8.89;0;stock;8.94;-0.61;9.61;-0.84;100.0;ESTAVEL
2023-06-20;1687219200000;PINE3.SA;9.53;9.53;9.53;9.53;8.89;0;stock;8.94;-0.61;9.61;-0.83;100.0;ESTAVEL
2023-06-21;1687305600000;PINE3.SA;9.53;9.53;9.53;9.53;8.89;0;stock;8.94;-0.6;9.61;-0.82;100.0;ESTAVEL
2023-06-22;1687392000000;PINE3.SA;9.53;9.53;9.53;9.53;8.89;0;stock;8.94;-0.6;9.61;-0.82;100.0;ESTAVEL
2023-06-23;1687478400000;PINE3.SA;9.53;9.53;9.53;9.53;8.89;0;stock;8.94;-0.59;9.61;-0.81;100.0;ESTAVEL
2023-06-26;1687737600000;PINE3.SA;9.53;9.53;9.53;9.53;8.89;0;stock;8.94;-0.58;9.61;-0.8;100.0;ESTAVEL
2023-06-27;1687824000000;PINE3.SA;9.53;9.53;9.53;9.53;8.89;0;stock;8.94;-0.58;9.61;-0.79;100.0;ESTAVEL
2023-06-28;1687910400000;PINE3.SA;9.53;9.53;9.53;9.53;8.89;0;stock;8.94;-0.57;9.61;-0.78;100.0;ESTAVEL
2023-06-29;1687996800000;PINE3.SA;9.53;9.53;9.53;9.53;8.89;0;stock;8.94;-0.57;9.6;-0.78;100.0;ESTAVEL
2023-06-30;1688083200000;PINE3.SA;9.53;9.53;9.53;9.53;8.89;0;stock;8.94;-0.56;9.6;-0.77;100.0;ESTAVEL
2023-07-03;1688342400000;PINE3.SA;9.53;9.53;9.53;9.53;8.89;0;stock;8.94;-0.56;9.6;-0.76;100.0;ESTAVEL
2023-07-04;1688428800000;PINE3.SA;9.53;9.53;9.53;9.53;8.89;0;stock;8.94;-0.55;9.6;-0.75;100.0;ESTAVEL
2023-07-05;1688515200000;PINE3.SA;9.53;9.53;9.53;9.53;8.89;0;stock;8.94;-0.54;9.6;-0.75;100.0;ESTAVEL
2023-07-06;1688601600000;PINE3.SA;9.53;9.53;9.53;9.53;8.89;0;stock;8.94;-0.54;9.6;-0.74;100.0;ESTAVEL
2023-07-07;1688688000000;PINE3.SA;9.53;9.53;9.53;9.53;8.89;0;stock;8.94;-0.53;9.6;-0.73;100.0;ESTAVEL
2023-07-10;1688947200000;PINE3.SA;9.53;9.53;9.53;9.53;8.89;0;stock;8.94;-0.53;9.6;-0.72;100.0;ESTAVEL
2023-07-11;1689033600000;PINE3.SA;9.53;9.53;9.53;9.53;8.89;0;stock;8.94;-0.52;9.6;-0.72;100.0;ESTAVEL
2023-07-12;1689120000000;PINE3.SA;9.53;9.53;9.53;9.53;8.89;0;stock;8.94;-0.52;9.6;-0.71;100.0;ESTAVEL
2023-07-13;1689206400000;PINE3.SA;9.53;9.53;9.53;9.53;8.89;0;stock;8.94;-0.51;9.6;-0.7;100.0;ESTAVEL
2023-07-14;1689292800000;PINE3.SA;9.53;9.53;9.53;9.53;8.89;0;stock;8.94;-0.51;9.6;-0.7;100.0;ESTAVEL
2023-07-17;1689552000000;PINE3.SA;9.53;9.53;9.53;9.53;8.89;0;stock;8.93;-0.5;9.6;-0.69;100.0;ESTAVEL
2023-07-18;1689638400000;PINE3.SA;9.53;9.53;9.53;9.53;8.89;0;stock;8.93;-0.5;9.6;-0.68;100.0;ESTAVEL
2023-07-19;1689724800000;PINE3.SA;9.53;9.53;9.53;9.53;8.89;0;stock;8.93;-0.49;9.59;-0.68;100.0;ESTAVEL
2023-07-20;1689811200000;PINE3.SA;9.53;9.53;9.53;9.53;8.89;0;stock;8.93;-0.49;9.59;-0.67;100.0;ESTAVEL
2023-07-21;1689897600000;PINE3.SA;9.53;9.53;9.53;9.53;8.89;0;stock;8.93;-0.48;9.59;-0.66;100.0;ESTAVEL
2023-07-24;1690156800000;PINE3.SA;9.53;9.53;9.53;9.53;8.89;0;stock;8.93;-0.48;9.59;-0.66;100.0;ESTAVEL
2023-07-25;1690243200000;PINE3.SA;9.53;9.53;9.53;9.53;8.89;0;stock;8.93;-0.47;9.59;-0.65;100.0;ESTAVEL
2023-07-26;1690329600000;PINE3.SA;9.53;9.53;9.53;9.53;8.89;0;stock;8.93;-0.47;9.59;-0.64;100.0;ESTAVEL
2023-07-27;1690416000000;PINE3.SA;9.53;9.53;9.53;9.53;8.89;0;stock;8.93;-0.46;9.59;-0.64;100.0;ESTAVEL
2023-07-28;1690502400000;PINE3.SA;1.5;1.5;1.5;1.5;1.4;100;stock;8.86;-84.19;9.51;-84.23;0.0;SUBIR
2023-07-31;1690761600000;PINE3.SA;1.5;1.5;1.5;1.5;1.4;0;stock;8.78;-84.06;9.43;-84.09;0.0;SUBIR
2023-08-01;1690848000000;PINE3.SA;1.5;1.5;1.5;1.5;1.5;0;stock;8.71;-82.78;9.35;-83.96;1.52;SUBIR
2023-08-02;1690934400000;PINE3.SA;1.5;1.5;1.5;1.5;1.5;0;stock;8.64;-82.64;9.27;-83.83;1.52;SUBIR
2023-08-03;1691020800000;PINE3.SA;1.5;1.5;1.5;1.5;1.5;0;stock;8.57;-82.49;9.2;-83.69;1.52;SUBIR
2023-08-04;1691107200000;PINE3.SA;1.5;1.5;1.5;1.5;1.5;0;stock;8.5;-82.35;9.12;-83.55;1.52;SUBIR
2023-08-07;1691366400000;PINE3.SA;1.5;1.5;1.5;1.5;1.5;0;stock;8.43;-82.2;9.04;-83.41;1.52;SUBIR
2023-08-08;1691452800000;PINE3.SA;1.5;1.5;1.5;1.5;1.5;0;stock;8.36;-82.05;8.97;-83.28;1.52;SUBIR
2023-08-09;1691539200000;PINE3.SA;1.5;1.5;1.5;1.5;1.5;0;stock;8.29;-81.91;8.89;-83.14;1.52;SUBIR
2023-08-10;1691625600000;PINE3.SA;1.5;1.5;1.5;1.5;1.5;0;stock;8.22;-81.76;8.82;-83.0;1.52;SUBIR
2023-08-11;1691712000000;PINE3.SA;1.5;1.5;1.5;1.5;1.5;0;stock;8.16;-81.61;8.75;-82.85;1.52;SUBIR
2023-08-14;1691971200000;PINE3.SA;1.5;1.5;1.5;1.5;1.5;0;stock;8.09;-81.46;8.68;-82.71;1.52;SUBIR
2023-08-15;1692057600000;PINE3.SA;1.5;1.5;1.5;1.5;1.5;0;stock;8.02;-81.31;8.6;-82.57;1.52;SUBIR
2023-08-16;1692144000000;PINE3.SA;1.5;1.5;1.5;1.5;1.5;0;stock;7.96;-81.15;8.53;-82.42;1.52;SUBIR
2023-08-17;1692230400000;PINE3.SA;1.5;1.5;1.5;1.5;1.5;0;stock;7.89;-81.0;8.46;-82.28;1.52;SUBIR
2023-08-18;1692316800000;PINE3.SA;4.15;4.15;4.15;4.15;4.15;100;stock;7.86;-47.18;8.42;-50.72;52.17;ESTAVEL
2023-08-21;1692576000000;PINE3.SA;4.15;4.15;4.15;4.15;4.15;0;stock;7.82;-46.93;8.38;-50.47;52.17;ESTAVEL
2023-08-22;1692662400000;PINE3.SA;4.15;4.15;4.15;4.15;4.15;0;stock;7.78;-46.68;8.34;-50.22;52.17;ESTAVEL
2023-08-23;1692748800000;PINE3.SA;4.15;4.15;4.15;4.15;4.15;0;stock;7.75;-46.44;8.29;-49.97;52.17;ESTAVEL
2023-08-24;1692835200000;PINE3.SA;4.15;4.15;4.15;4.15;4.15;0;stock;7.71;-46.19;8.25;-49.72;52.17;ESTAVEL
2023-08-25;1692921600000;PINE3.SA;4.15;4.15;4.15;4.15;4.15;0;stock;7.68;-45.94;8.21;-49.47;52.17;ESTAVEL
2023-08-28;1693180800000;PINE3.SA;4.15;4.15;4.15;4.15;4.15;0;stock;7.64;-45.69;8.17;-49.22;52.17;ESTAVEL
2023-08-29;1693267200000;PINE3.SA;4.15;4.15;4.15;4.15;4.15;0;stock;7.61;-45.44;8.13;-48.97;52.17;ESTAVEL
2023-08-30;1693353600000;PINE3.SA;4.15;4.15;4.15;4.15;4.15;0;stock;7.57;-45.19;8.09;-48.72;52.17;ESTAVEL
2023-08-31;1693440000000;PINE3.SA;4.15;4.15;4.15;4.15;4.15;0;stock;7.54;-44.95;8.05;-48.47;52.17;ESTAVEL
2023-09-01;1693526400000;PINE3.SA;4.15;4.15;4.15;4.15;4.15;0;stock;7.5;-44.7;8.01;-48.22;52.17;ESTAVEL
2023-09-04;1693785600000;PINE3.SA;4.15;4.15;4.15;4.15;4.15;0;stock;7.47;-44.45;7.98;-47.97;52.17;ESTAVEL
2023-09-05;1693872000000;PINE3.SA;4.15;4.15;4.15;4.15;4.15;0;stock;7.44;-44.21;7.94;-47.72;52.17;ESTAVEL
2023-09-06;1693958400000;PINE3.SA;4.15;4.15;4.15;4.15;4.15;0;stock;7.41;-43.96;7.9;-47.47;52.17;ESTAVEL
2023-09-08;1694131200000;PINE3.SA;4.15;4.15;4.15;4.15;4.15;0;stock;7.37;-43.71;7.86;-47.22;52.17;ESTAVEL
2023-09-11;1694390400000;PINE3.SA;4.15;4.15;4.15;4.15;4.15;0;stock;7.34;-43.47;7.83;-46.97;52.17;ESTAVEL
2023-09-12;1694476800000;PINE3.SA;4.15;4.15;4.15;4.15;4.15;0;stock;7.31;-43.22;7.79;-46.72;52.17;ESTAVEL
2023-09-13;1694563200000;PINE3.SA;4.15;4.15;4.15;4.15;4.15;0;stock;7.28;-42.98;7.75;-46.48;52.17;ESTAVEL
2023-09-14;1694649600000;PINE3.SA;4.15;4.15;4.15;4.15;4.15;0;stock;7.25;-42.73;7.72;-46.23;52.17;ESTAVEL
2023-09-15;1694736000000;PINE3.SA;4.15;4.15;4.15;4.15;4.15;0;stock;7.22;-42.49;7.68;-45.98;52.17;ESTAVEL
2023-09-18;1694995200000;PINE3.SA;4.15;4.15;4.15;4.15;4.15;0;stock;7.19;-42.24;7.65;-45.73;52.17;ESTAVEL
2023-09-19;1695081600000;PINE3.SA;4.15;4.15;4.15;4.15;4.15;0;stock;7.16;-42.0;7.61;-45.48;52.17;ESTAVEL
2023-09-20;1695168000000;PINE3.SA;4.15;4.15;4.15;4.15;4.15;0;stock;7.13;-41.76;7.58;-45.23;52.17;ESTAVEL
2023-09-21;1695254400000;PINE3.SA;4.16;4.16;4.16;4.16;4.16;100;stock;7.1;-41.37;7.54;-44.85;52.68;ESTAVEL
2023-09-22;1695340800000;PINE3.SA;4.16;4.16;4.16;4.16;4.16;0;stock;7.07;-41.13;7.51;-44.61;52.68;ESTAVEL
2023-09-25;1695600000000;PINE3.SA;4.16;4.16;4.16;4.16;4.16;0;stock;7.04;-40.89;7.48;-44.36;52.68;ESTAVEL
2023-09-26;1695686400000;PINE3.SA;4.16;4.16;4.16;4.16;4.16;0;stock;7.01;-40.65;7.44;-44.11;52.68;ESTAVEL
2023-09-27;1695772800000;PINE3.SA;4.16;4.16;4.16;4.16;4.16;0;stock;6.98;-40.41;7.41;-43.87;52.68;ESTAVEL
2023-09-28;1695859200000;PINE3.SA;4.16;4.16;4.16;4.16;4.16;0;stock;6.95;-40.17;7.38;-43.62;52.68;ESTAVEL
2023-09-29;1695945600000;PINE3.SA;4.16;4.16;4.16;4.16;4.16;0;stock;6.92;-39.93;7.35;-43.38;52.68;ESTAVEL
2023-10-02;1696204800000;PINE3.SA;4.16;4.16;4.16;4.16;4.16;0;stock;6.9;-39.69;7.31;-43.13;52.68;ESTAVEL
2023-10-03;1696291200000;PINE3.SA;4.16;4.16;4.16;4.16;4.16;0;stock;6.87;-39.45;7.28;-42.88;52.68;ESTAVEL
2023-10-04;1696377600000;PINE3.SA;4.16;4.16;4.16;4.16;4.16;0;stock;6.84;-39.21;7.25;-42.64;52.68;ESTAVEL
2023-10-05;1696464000000;PINE3.SA;4.16;4.16;4.16;4.16;4.16;0;stock;6.82;-38.97;7.22;-42.4;52.68;ESTAVEL
2023-10-06;1696550400000;PINE3.SA;4.16;4.16;4.16;4.16;4.16;0;stock;6.79;-38.73;7.19;-42.15;52.68;ESTAVEL
2023-10-09;1696809600000;PINE3.SA;4.16;4.16;4.16;4.16;4.16;0;stock;6.76;-38.5;7.16;-41.91;52.68;ESTAVEL
2023-10-10;1696896000000;PINE3.SA;4.16;4.16;4.16;4.16;4.16;0;stock;6.74;-38.26;7.13;-41.66;52.68;ESTAVEL
2023-10-11;1696982400000;PINE3.SA;4.16;4.16;4.16;4.16;4.16;0;stock;6.71;-38.02;7.1;-41.42;52.68;ESTAVEL
2023-10-13;1697155200000;PINE3.SA;4.16;4.16;4.16;4.16;4.16;0;stock;6.69;-37.79;7.07;-41.18;52.68;ESTAVEL
2023-10-16;1697414400000;PINE3.SA;4.16;4.16;4.16;4.16;4.16;0;stock;6.66;-37.55;7.04;-40.94;52.68;ESTAVEL
2023-10-17;1697500800000;PINE3.SA;4.16;4.16;4.16;4.16;4.16;0;stock;6.64;-37.32;7.01;-40.7;52.68;ESTAVEL
2023-10-18;1697587200000;PINE3.SA;4.16;4.16;4.16;4.16;4.16;0;stock;6.61;-37.09;6.99;-40.45;52.68;ESTAVEL
2023-10-19;1697673600000;PINE3.SA;4.16;4.16;4.16;4.16;4.16;0;stock;6.59;-36.85;6.96;-40.21;52.68;ESTAVEL
2023-10-20;1697760000000;PINE3.SA;4.16;4.16;4.16;4.16;4.16;0;stock;6.56;-36.62;6.93;-39.97;52.68;ESTAVEL
2023-10-23;1698019200000;PINE3.SA;4.16;4.16;4.16;4.16;4.16;0;stock;6.54;-36.39;6.9;-39.73;52.68;ESTAVEL
2023-10-24;1698105600000;PINE3.SA;4.16;4.16;4.16;4.16;4.16;0;stock;6.52;-36.16;6.88;-39.49;52.68;ESTAVEL
2023-10-25;1698192000000;PINE3.SA;4.16;4.16;4.16;4.16;4.16;0;stock;6.49;-35.93;6.85;-39.26;52.68;ESTAVEL
2023-10-26;1698278400000;PINE3.SA;4.16;4.16;4.16;4.16;4.16;0;stock;6.47;-35.7;6.82;-39.02;52.68;ESTAVEL
2023-10-27;1698364800000;PINE3.SA;4.16;4.16;4.16;4.16;4.16;0;stock;6.45;-35.47;6.8;-38.78;52.68;ESTAVEL
2023-10-30;1698624000000;PINE3.SA;4.16;4.16;4.16;4.16;4.16;0;stock;6.42;-35.24;6.77;-38.54;52.68;ESTAVEL
2023-10-31;1698710400000;PINE3.SA;4.16;4.16;4.16;4.16;4.16;0;stock;6.4;-35.01;6.74;-38.31;52.68;ESTAVEL
2023-11-01;1698796800000;PINE3.SA;4.16;4.16;4.16;4.16;4.16;0;stock;6.38;-34.78;6.72;-38.07;52.68;ESTAVEL
2023-11-03;1698969600000;PINE3.SA;4.16;4.16;4.16;4.16;4.16;0;stock;6.36;-34.56;6.69;-37.83;52.68;ESTAVEL
2023-11-06;1699228800000;PINE3.SA;4.16;4.16;4.16;4.16;4.16;0;stock;6.33;-34.33;6.67;-37.6;52.68;ESTAVEL
2023-11-07;1699315200000;PINE3.SA;4.16;4.16;4.16;4.16;4.16;0;stock;6.31;-34.11;6.64;-37.37;52.68;ESTAVEL
2023-11-08;1699401600000;PINE3.SA;4.16;4.16;4.16;4.16;4.16;0;stock;6.29;-33.88;6.62;-37.13;52.68;ESTAVEL
2023-11-09;1699488000000;PINE3.SA;4.16;4.16;4.16;4.16;4.16;0;stock;6.27;-33.66;6.59;-36.9;52.68;ESTAVEL
2023-11-10;1699574400000;PINE3.SA;4.16;4.16;4.16;4.16;4.16;0;stock;6.25;-33.44;6.57;-36.67;52.68;ESTAVEL
2023-11-13;1699833600000;PINE3.SA;4.16;4.16;4.16;4.16;4.16;0;stock;6.23;-33.21;6.54;-36.43;52.68;ESTAVEL
2023-11-14;1699920000000;PINE3.SA;4.16;4.16;4.16;4.16;4.16;0;stock;6.21;-32.99;6.52;-36.2;52.68;ESTAVEL
2023-11-16;1700092800000;PINE3.SA;4.16;4.16;4.16;4.16;4.16;0;stock;6.19;-32.77;6.5;-35.97;52.68;ESTAVEL
2023-11-17;1700179200000;PINE3.SA;4.16;4.16;4.16;4.16;4.16;0;stock;6.17;-32.55;6.47;-35.74;52.68;ESTAVEL
2023-11-20;1700438400000;PINE3.SA;4.16;4.16;4.16;4.16;4.16;0;stock;6.15;-32.33;6.45;-35.51;52.68;ESTAVEL
2023-11-21;1700524800000;PINE3.SA;4.16;4.16;4.16;4.16;4.16;0;stock;6.13;-32.11;6.43;-35.28;52.68;ESTAVEL
2023-11-22;1700611200000;PINE3.SA;4.16;4.16;4.16;4.16;4.16;0;stock;6.11;-31.9;6.41;-35.06;52.68;ESTAVEL
2023-11-23;1700697600000;PINE3.SA;4.16;4.16;4.16;4.16;4.16;0;stock;6.09;-31.68;6.38;-34.83;52.68;ESTAVEL
2023-11-24;1700784000000;PINE3.SA;4.16;4.16;4.16;4.16;4.16;0;stock;6.07;-31.46;6.36;-34.6;52.68;ESTAVEL
2023-11-27;1701043200000;PINE3.SA;4.16;4.16;4.16;4.16;4.16;0;stock;6.05;-31.25;6.34;-34.38;52.68;ESTAVEL
2023-11-28;1701129600000;PINE3.SA;4.16;4.16;4.16;4.16;4.16;0;stock;6.03;-31.03;6.32;-34.15;52.68;ESTAVEL
2023-11-29;1701216000000;PINE3.SA;4.16;4.16;4.16;4.16;4.16;0;stock;6.01;-30.82;6.3;-33.93;52.68;ESTAVEL
